NUM;DATE;JACKPOT;N1;N2;N3;N4;N5;E1;E2
1864;2025-08-01;168000000;4;16;25;29;30;2;10
1863;2025-07-29;151000000;5;6;42;44;46;4;8
1862;2025-07-25;138000000;6;7;23;32;36;11;12
1861;2025-07-22;122000000;8;15;26;33;41;9;10
1860;2025-07-18;111000000;13;19;25;42;45;2;9
1859;2025-07-15;97000000;24;38;41;45;49;1;6
1858;2025-07-11;86000000;8;23;24;45;49;2;10
1857;2025-07-08;74000000;1;8;9;18;50;1;5
1856;2025-07-04;64000000;19;29;42;45;48;5;7
1855;2025-07-01;50000000;1;17;28;32;34;7;8
1854;2025-06-27;39000000;19;27;36;45;49;7;10
1853;2025-06-24;26000000;7;16;21;23;39;7;11
1852;2025-06-20;17000000;5;8;24;37;47;3;9
1851;2025-06-17;250000000;13;22;23;44;49;3;5
1850;2025-06-13;250000000;2;28;40;43;45;3;7
1849;2025-06-10;250000000;19;36;39;40;45;5;6
1848;2025-06-06;250000000;20;21;29;30;35;2;12
1847;2025-06-03;237000000;12;15;38;47;48;5;7
1846;2025-05-30;221000000;4;7;14;33;36;1;5
1845;2025-05-27;202000000;12;30;38;40;41;4;12
1844;2025-05-23;185000000;10;29;43;46;49;7;12
1843;2025-05-20;167000000;1;8;13;29;47;5;6
1842;2025-05-16;154000000;6;9;25;37;46;6;12
1841;2025-05-13;137000000;9;19;44;47;50;2;9
1840;2025-05-09;124000000;15;18;25;29;47;5;9
1839;2025-05-06;110000000;8;23;24;47;48;4;9
1838;2025-05-02;99000000;3;5;19;21;49;1;10
1837;2025-04-29;85000000;2;9;24;30;41;1;11
1836;2025-04-25;75000000;13;22;32;39;41;1;12
1835;2025-04-22;63000000;7;28;33;37;47;9;12
1834;2025-04-18;52000000;20;27;35;39;48;3;8
1833;2025-04-15;39000000;3;31;33;38;44;6;12
1832;2025-04-11;29000000;14;28;34;46;49;3;8
1831;2025-04-08;17000000;3;14;15;48;49;1;7
1830;2025-04-04;29000000;27;39;41;45;50;5;7
1829;2025-04-01;17000000;9;24;30;46;49;4;12
1828;2025-03-28;243000000;10;21;30;42;45;1;9
1827;2025-03-25;217000000;1;3;18;33;36;2;6
1826;2025-03-21;198000000;9;17;18;21;50;5;12
1825;2025-03-18;178000000;4;9;35;46;50;8;11
1824;2025-03-14;162000000;8;10;33;35;49;2;9
1823;2025-03-11;143000000;13;36;37;42;47;7;11
1822;2025-03-07;130000000;6;10;27;32;48;3;8
1821;2025-03-04;17000000;15;20;29;35;42;2;9
1820;2025-02-28;52000000;7;16;31;43;46;5;9
1819;2025-02-25;39000000;17;22;23;24;44;6;11
1818;2025-02-21;29000000;1;3;11;20;43;2;11
1817;2025-02-18;17000000;5;14;25;26;40;5;7
1816;2025-02-14;77000000;4;14;31;36;38;3;10
1815;2025-02-11;63000000;3;21;36;41;46;1;6
1814;2025-02-07;52000000;10;23;24;29;45;8;10
1813;2025-02-04;38000000;3;4;29;39;43;5;10
1812;2025-01-31;28000000;22;30;41;44;49;2;7
1811;2025-01-28;17000000;9;37;41;42;49;1;9
1810;2025-01-24;98000000;2;11;19;30;49;3;8
1809;2025-01-21;86000000;6;8;14;27;41;4;5
1808;2025-01-17;76000000;8;15;24;35;42;6;8
1807;2025-01-14;62000000;18;20;29;41;48;5;9
1806;2025-01-10;52000000;12;27;36;37;42;6;7
1805;2025-01-07;39000000;20;33;35;41;47;4;12
1804;2025-01-03;29000000;3;19;29;35;37;1;9
1803;2024-12-31;17000000;19;24;26;28;33;8;12
1802;2024-12-27;41000000;12;22;27;33;45;4;8
1801;2024-12-24;26000000;6;10;16;23;24;11;12
1800;2024-12-20;17000000;10;14;21;33;50;6;9
1799;2024-12-17;74000000;1;3;4;21;29;2;7
1798;2024-12-13;64000000;1;15;25;42;50;4;10
1797;2024-12-10;50000000;5;24;25;29;47;5;9
1796;2024-12-06;39000000;14;25;39;44;47;6;10
1795;2024-12-03;26000000;23;25;34;46;47;6;8
1794;2024-11-29;17000000;8;17;18;29;43;5;9
1793;2024-11-26;208000000;7;11;25;31;40;9;12
1792;2024-11-22;189000000;10;11;12;29;31;8;11
1791;2024-11-19;168000000;4;13;20;28;49;7;12
1790;2024-11-15;154000000;7;8;34;39;44;2;6
1789;2024-11-12;137000000;10;11;12;22;50;1;10
1788;2024-11-08;123000000;2;33;35;42;48;1;3
1787;2024-11-05;108000000;1;8;19;37;50;6;9
1786;2024-11-01;98000000;7;33;38;44;50;2;7
1785;2024-10-29;85000000;1;3;19;30;45;10;12
1784;2024-10-25;75000000;4;17;20;25;45;8;9
1783;2024-10-22;61000000;3;13;27;30;46;1;2
1782;2024-10-18;51000000;4;15;23;30;39;1;12
1781;2024-10-15;38000000;2;15;32;36;48;3;9
1780;2024-10-11;29000000;16;23;32;46;49;4;5
1779;2024-10-08;17000000;7;14;19;34;40;6;8
1778;2024-10-04;160000000;4;8;16;17;20;1;6
1777;2024-10-01;143000000;8;22;29;41;42;9;11
1776;2024-09-27;130000000;7;20;21;27;38;5;12
1775;2024-09-24;64000000;18;20;21;36;49;3;5
1774;2024-09-20;54000000;16;25;29;34;37;3;7
1773;2024-09-17;41000000;20;30;32;41;44;1;10
1772;2024-09-13;29000000;10;15;17;31;42;4;12
1771;2024-09-10;17000000;6;29;46;47;48;2;9
1770;2024-09-06;148000000;12;14;34;41;47;3;4
1769;2024-09-03;131000000;7;9;11;16;45;2;5
1768;2024-08-30;119000000;3;24;27;33;42;4;6
1767;2024-08-27;104000000;1;8;11;42;47;4;11
1766;2024-08-23;93000000;9;15;24;47;50;8;9
1765;2024-08-20;82000000;7;10;13;18;26;3;12
1764;2024-08-16;73000000;15;17;29;45;49;1;10
1763;2024-08-13;60000000;15;16;39;40;47;1;6
1762;2024-08-09;50000000;21;23;25;33;44;4;10
1761;2024-08-06;38000000;1;18;27;41;50;2;12
1760;2024-08-02;28000000;5;7;12;33;46;3;12
1759;2024-07-30;17000000;9;25;28;37;38;2;8
1758;2024-07-26;29000000;4;19;23;35;37;4;8
1757;2024-07-23;17000000;4;8;10;16;34;4;8
1756;2024-07-19;53000000;15;22;35;44;48;6;7
1755;2024-07-16;38000000;2;32;35;36;39;7;8
1754;2024-07-12;29000000;12;18;24;25;39;8;10
1753;2024-07-09;17000000;6;15;19;28;39;7;11
1752;2024-07-05;38000000;11;13;29;31;47;1;11
1751;2024-07-02;26000000;2;7;34;35;46;6;8
1750;2024-06-28;17000000;10;16;18;22;35;1;10
1749;2024-06-25;213000000;14;16;37;45;49;5;7
1748;2024-06-21;195000000;3;4;7;11;17;3;12
1747;2024-06-18;174000000;3;11;33;34;36;1;12
1746;2024-06-14;160000000;2;13;16;24;32;1;7
1745;2024-06-11;144000000;7;15;34;45;48;7;9
1744;2024-06-07;130000000;15;16;26;30;37;5;8
1743;2024-06-04;70000000;6;7;9;14;43;3;4
1742;2024-05-31;61000000;4;7;16;33;34;7;8
1741;2024-05-28;48000000;16;18;35;36;41;6;7
1740;2024-05-24;38000000;9;12;18;22;50;1;3
1739;2024-05-21;26000000;11;13;14;34;48;7;9
1738;2024-05-17;17000000;18;31;32;41;46;1;10
1737;2024-05-14;49000000;2;8;17;28;35;7;9
1736;2024-05-10;42000000;13;28;29;44;48;4;12
1735;2024-05-07;27000000;35;36;41;42;45;6;11
1734;2024-05-03;17000000;6;9;10;30;49;3;4
1733;2024-04-30;166000000;13;22;24;33;47;1;5
1732;2024-04-26;151000000;2;20;39;40;47;4;8
1731;2024-04-23;133000000;6;9;11;32;49;2;10
1730;2024-04-19;120000000;10;20;40;44;46;1;3
1729;2024-04-16;106000000;22;29;31;39;46;3;7
1728;2024-04-12;95000000;2;3;12;16;45;2;11
1727;2024-04-09;82000000;19;23;26;27;46;2;10
1726;2024-04-05;73000000;13;18;26;35;37;8;11
1725;2024-04-02;62000000;1;23;31;36;48;5;8
1724;2024-03-29;51000000;16;17;35;36;49;1;10
1723;2024-03-26;39000000;2;13;14;26;29;5;6
1722;2024-03-22;29000000;8;11;23;32;44;9;10
1721;2024-03-19;17000000;7;16;18;20;32;1;3
1720;2024-03-15;130000000;1;4;31;34;40;4;5
1719;2024-03-12;70000000;13;19;30;38;46;4;12
1718;2024-03-08;63000000;8;11;12;16;44;4;7
1717;2024-03-05;49000000;2;15;17;23;36;3;8
1716;2024-03-01;39000000;4;7;19;20;34;2;4
1715;2024-02-27;26000000;3;4;9;12;20;5;6
1714;2024-02-23;17000000;24;27;28;30;49;1;12
1713;2024-02-20;73000000;23;31;37;42;48;3;7
1712;2024-02-16;64000000;8;13;14;24;26;1;2
1711;2024-02-13;49000000;13;17;18;20;46;4;9
1710;2024-02-09;39000000;23;24;35;37;45;9;12
1709;2024-02-06;26000000;2;7;21;28;45;5;11
1708;2024-02-02;17000000;13;20;23;27;42;5;9
1707;2024-01-30;143000000;5;10;19;27;30;5;6
1706;2024-01-26;130000000;8;19;32;41;42;9;12
1705;2024-01-23;17000000;14;23;39;48;50;3;12
1704;2024-01-19;17000000;27;28;44;48;50;7;12
1703;2024-01-16;88000000;10;18;21;33;45;8;12
1702;2024-01-12;78000000;16;17;18;45;49;9;12
1701;2024-01-09;64000000;2;9;12;39;40;1;3
1700;2024-01-05;53000000;4;7;18;39;50;3;8
1699;2024-01-02;39000000;7;15;18;46;49;10;12
1698;2023-12-29;30000000;2;3;19;36;37;6;9
1697;2023-12-26;17000000;8;27;30;35;47;9;10
1696;2023-12-22;53000000;6;14;34;44;49;4;12
1695;2023-12-19;39000000;10;20;41;43;45;2;12
1694;2023-12-15;29000000;2;13;37;38;48;5;9
1693;2023-12-12;17000000;6;28;37;39;43;9;12
1692;2023-12-08;240000000;17;30;42;48;50;4;8
1691;2023-12-05;217000000;4;6;20;24;25;5;9
1690;2023-12-01;200000000;4;10;14;38;50;9;12
1689;2023-11-28;83000000;12;16;27;33;44;7;8
1688;2023-11-24;73000000;15;20;29;39;48;1;7
1687;2023-11-21;62000000;19;29;34;46;47;2;3
1686;2023-11-17;52000000;2;24;26;46;50;2;7
1685;2023-11-14;39000000;13;16;36;44;50;3;5
1684;2023-11-10;29000000;10;21;30;38;42;2;12
1683;2023-11-07;17000000;8;10;11;30;39;4;10
1682;2023-11-03;31000000;8;21;31;39;47;5;9
1681;2023-10-31;17000000;5;7;20;40;50;2;10
1680;2023-10-27;17000000;29;33;35;48;49;3;8
1679;2023-10-24;26000000;8;16;18;31;34;6;9
1678;2023-10-20;17000000;2;20;28;40;45;1;5
1677;2023-10-17;66000000;10;17;20;35;40;3;4
1676;2023-10-13;55000000;21;26;28;40;41;2;4
1675;2023-10-10;39000000;18;20;22;33;43;3;9
1674;2023-10-06;29000000;21;29;31;34;43;2;9
1673;2023-10-03;17000000;6;20;22;24;45;4;5
1672;2023-09-29;130000000;9;11;13;21;32;2;7
1671;2023-09-26;39000000;2;6;14;19;23;5;7
1670;2023-09-22;29000000;3;23;24;34;35;5;8
1669;2023-09-19;17000000;10;15;31;41;42;2;5
1668;2023-09-15;54000000;12;14;21;45;48;8;11
1667;2023-09-12;39000000;5;14;36;40;42;2;11
1666;2023-09-08;30000000;10;20;21;26;33;3;4
1665;2023-09-05;17000000;1;7;24;41;48;10;12
1664;2023-09-01;106000000;4;5;35;37;43;5;6
1663;2023-08-29;92000000;21;23;32;40;49;8;11
1662;2023-08-25;83000000;16;17;34;35;44;5;10
1661;2023-08-22;71000000;2;9;23;32;40;6;7
1660;2023-08-18;63000000;23;25;30;44;47;9;12
1659;2023-08-15;49000000;3;5;9;32;43;6;10
1658;2023-08-11;39000000;4;6;10;13;34;3;5
1657;2023-08-08;26000000;8;9;33;35;40;3;6
1656;2023-08-04;17000000;15;20;31;44;48;1;3
1655;2023-08-01;71000000;25;27;35;40;45;7;11
1654;2023-07-28;63000000;7;32;33;34;38;6;9
1653;2023-07-25;49000000;5;7;11;27;37;6;12
1652;2023-07-21;39000000;7;31;33;35;36;7;10
1651;2023-07-18;26000000;4;12;34;35;45;1;9
1650;2023-07-14;17000000;5;8;29;35;48;5;6
1649;2023-07-11;73000000;2;11;28;42;48;4;9
1648;2023-07-07;63000000;2;11;12;19;38;4;8
1647;2023-07-04;50000000;14;17;23;36;44;2;8
1646;2023-06-30;39000000;1;6;25;29;36;7;10
1645;2023-06-27;26000000;17;22;23;27;44;1;7
1644;2023-06-23;17000000;1;3;11;33;46;10;11
1643;2023-06-20;64000000;11;17;28;32;35;5;6
1642;2023-06-16;53000000;7;26;34;41;44;9;11
1641;2023-06-13;39000000;15;16;21;41;50;5;6
1640;2023-06-09;30000000;18;26;36;41;50;11;12
1639;2023-06-06;17000000;13;21;32;39;50;2;10
1638;2023-06-02;130000000;3;12;15;25;43;10;11
1637;2023-05-30;87000000;27;29;32;33;47;2;8
1636;2023-05-26;77000000;15;25;37;38;41;1;7
1635;2023-05-23;65000000;5;6;14;23;34;2;11
1634;2023-05-19;55000000;18;27;34;41;49;3;9
1633;2023-05-16;40000000;4;6;9;14;37;4;11
1632;2023-05-12;30000000;9;10;13;39;44;4;6
1631;2023-05-09;17000000;13;17;21;28;46;7;9
1630;2023-05-05;158000000;3;8;18;34;49;3;7
1629;2023-05-02;141000000;7;32;44;47;48;7;8
1628;2023-04-28;128000000;11;13;16;23;34;1;10
1627;2023-04-25;112000000;10;29;30;40;45;1;12
1626;2023-04-21;100000000;7;8;18;33;42;2;8
1625;2023-04-18;86000000;17;21;23;35;37;10;11
1624;2023-04-14;76000000;4;11;37;44;49;6;7
1623;2023-04-11;64000000;10;14;16;19;29;2;10
1622;2023-04-07;54000000;5;26;28;36;46;6;12
1621;2023-04-04;40000000;10;16;31;33;50;3;8
1620;2023-03-31;30000000;16;18;28;34;47;5;10
1619;2023-03-28;17000000;16;21;34;36;44;9;10
1618;2023-03-24;66000000;5;12;25;36;46;6;10
1617;2023-03-21;51000000;1;9;20;29;32;2;3
1616;2023-03-17;40000000;5;15;26;37;49;8;11
1615;2023-03-14;27000000;16;26;28;31;46;11;12
1614;2023-03-10;17000000;9;16;37;38;48;2;7
1613;2023-03-07;143000000;11;13;24;35;50;6;11
1612;2023-03-03;130000000;3;6;8;24;50;10;11
1611;2023-02-28;17000000;12;29;33;37;47;5;10
1610;2023-02-24;101000000;7;23;34;42;48;1;3
1609;2023-02-21;87000000;21;22;34;41;49;2;7
1608;2023-02-17;77000000;8;23;27;42;45;1;9
1607;2023-02-14;62000000;24;26;38;43;46;2;3
1606;2023-02-10;51000000;3;13;25;36;47;3;8
1605;2023-02-07;36000000;2;8;34;44;47;3;9
1604;2023-02-03;17000000;2;14;17;32;45;3;10
1603;2023-01-31;64000000;7;12;19;33;43;3;7
1602;2023-01-27;54000000;8;9;15;19;31;10;12
1601;2023-01-24;40000000;11;27;41;43;47;7;11
1600;2023-01-20;30000000;3;6;13;40;42;7;11
1599;2023-01-17;17000000;18;21;30;46;50;2;6
1598;2023-01-13;65000000;4;13;25;33;37;5;10
1597;2023-01-10;50000000;11;13;34;40;42;3;10
1596;2023-01-06;40000000;16;31;35;44;45;4;12
1595;2023-01-03;27000000;20;21;29;45;46;3;10
1594;2022-12-30;17000000;17;34;42;47;48;1;9
1593;2022-12-27;26000000;19;31;33;34;43;3;5
1592;2022-12-23;17000000;16;17;23;26;35;5;11
1591;2022-12-20;51000000;1;11;17;20;27;4;5
1590;2022-12-16;40000000;2;15;19;35;44;2;7
1589;2022-12-13;27000000;3;9;12;26;30;10;11
1588;2022-12-09;17000000;8;27;31;46;50;1;3
1587;2022-12-06;143000000;12;20;25;26;27;8;12
1586;2022-12-02;130000000;12;21;35;39;45;6;11
1585;2022-11-29;87000000;15;20;24;35;38;8;12
1584;2022-11-25;77000000;19;21;35;37;39;2;6
1583;2022-11-22;65000000;21;22;24;29;42;3;11
1582;2022-11-18;54000000;13;16;19;35;41;1;11
1581;2022-11-15;40000000;13;21;24;31;33;1;12
1580;2022-11-11;30000000;2;19;24;25;44;2;10
1579;2022-11-08;17000000;3;5;32;33;50;1;8
1578;2022-11-04;160000000;2;11;37;45;47;2;3
1577;2022-11-01;142000000;19;37;42;47;48;1;6
1576;2022-10-28;130000000;14;16;21;28;35;1;11
1575;2022-10-25;115000000;7;24;34;39;46;1;6
1574;2022-10-21;103000000;25;26;28;38;40;1;6
1573;2022-10-18;89000000;3;5;13;42;48;1;6
1572;2022-10-14;79000000;24;28;29;34;48;3;7
1571;2022-10-11;66000000;8;23;32;35;40;1;8
1570;2022-10-07;55000000;26;27;42;45;50;1;12
1569;2022-10-04;40000000;3;18;28;42;43;3;12
1568;2022-09-30;30000000;1;2;11;16;26;3;12
1567;2022-09-27;17000000;4;20;21;34;44;1;3
1566;2022-09-23;194000000;14;15;22;35;48;3;8
1565;2022-09-20;174000000;11;21;23;32;48;3;12
1564;2022-09-16;160000000;10;27;36;45;49;3;4
1563;2022-09-13;143000000;9;12;15;40;47;1;11
1562;2022-09-09;130000000;17;23;24;26;27;4;9
1561;2022-09-06;17000000;7;10;22;29;44;4;5
1560;2022-09-02;127000000;7;12;13;20;45;3;12
1559;2022-08-30;112000000;4;6;10;15;19;1;4
1558;2022-08-26;100000000;22;23;25;38;44;11;12
1557;2022-08-23;87000000;19;26;31;39;48;2;3
1556;2022-08-19;77000000;2;9;13;19;38;2;6
1555;2022-08-16;65000000;10;14;25;32;39;7;8
1554;2022-08-12;54000000;14;17;34;35;42;6;10
1553;2022-08-09;39000000;18;19;21;27;47;5;11
1552;2022-08-05;30000000;3;29;33;35;44;8;10
1551;2022-08-02;17000000;7;18;28;40;48;8;11
1550;2022-07-29;41000000;3;23;38;43;48;3;8
1549;2022-07-26;26000000;3;5;17;25;27;1;9
1548;2022-07-22;17000000;16;18;29;32;50;4;11
1547;2022-07-19;230000000;6;23;27;40;41;2;12
1546;2022-07-15;230000000;9;17;29;38;39;7;10
1545;2022-07-12;230000000;14;18;24;25;50;6;11
1544;2022-07-08;230000000;28;31;35;43;46;4;7
1543;2022-07-05;217000000;7;10;25;45;48;3;6
1542;2022-07-01;198000000;6;18;24;34;46;3;12
1541;2022-06-28;176000000;10;35;42;47;48;2;11
1540;2022-06-24;161000000;10;17;28;44;50;8;12
1539;2022-06-21;143000000;6;23;36;39;47;8;10
1538;2022-06-17;130000000;19;21;22;31;38;7;11
1537;2022-06-14;17000000;2;7;27;34;40;3;11
1536;2022-06-10;65000000;17;26;36;37;40;9;12
1535;2022-06-07;51000000;6;16;17;25;31;2;6
1534;2022-06-03;39000000;12;28;29;34;48;9;11
1533;2022-05-31;27000000;3;10;13;42;49;3;9
1532;2022-05-27;17000000;15;23;28;34;48;3;5
1531;2022-05-24;52000000;10;13;27;36;37;2;10
1530;2022-05-20;42000000;8;22;23;32;50;3;9
1529;2022-05-17;27000000;5;28;30;48;49;5;11
1528;2022-05-13;17000000;3;11;17;45;48;4;8
1527;2022-05-10;215000000;3;25;27;28;29;4;9
1526;2022-05-06;195000000;3;8;18;24;40;3;11
1525;2022-05-03;173000000;8;20;26;47;48;3;8
1524;2022-04-29;158000000;10;11;20;36;37;3;7
1523;2022-04-26;137000000;4;25;28;34;45;8;11
1522;2022-04-22;124000000;6;11;21;35;36;1;9
1521;2022-04-19;109000000;2;12;17;28;46;6;10
1520;2022-04-15;99000000;6;24;30;32;48;5;6
1519;2022-04-12;87000000;21;30;31;35;47;2;10
1518;2022-04-08;77000000;1;15;16;38;45;4;11
1517;2022-04-05;64000000;1;11;13;24;49;5;6
1516;2022-04-01;53000000;2;7;21;31;45;4;10
1515;2022-03-29;41000000;8;11;33;42;43;6;11
1514;2022-03-25;32000000;6;10;24;27;29;5;12
1513;2022-03-22;17000000;7;17;21;29;40;8;11
1512;2022-03-18;54000000;1;9;14;17;43;6;12
1511;2022-03-15;40000000;1;2;12;19;26;2;8
1510;2022-03-11;30000000;12;19;22;23;48;2;6
1509;2022-03-08;17000000;12;18;21;25;31;2;9
1508;2022-03-04;78000000;6;20;40;42;43;10;12
1507;2022-03-01;66000000;8;24;26;39;42;3;5
1506;2022-02-25;54000000;10;13;24;30;42;1;5
1505;2022-02-22;40000000;5;9;14;26;32;3;7
1504;2022-02-18;30000000;25;38;41;43;50;6;10
1503;2022-02-15;17000000;9;20;31;33;44;2;12
1502;2022-02-11;30000000;13;18;38;42;45;7;11
1501;2022-02-08;17000000;6;20;34;37;43;7;10
1500;2022-02-04;130000000;3;25;38;43;49;3;7
1499;2022-02-01;61000000;1;19;36;38;49;6;9
1498;2022-01-28;49000000;10;25;29;34;45;9;10
1497;2022-01-25;29000000;6;16;18;39;47;2;4
1496;2022-01-21;17000000;5;14;35;36;39;7;12
1495;2022-01-18;66000000;3;12;19;24;30;2;5
1494;2022-01-14;54000000;6;17;25;31;46;9;12
1493;2022-01-11;40000000;4;23;32;33;44;9;12
1492;2022-01-07;30000000;2;14;37;44;50;7;11
1491;2022-01-04;17000000;18;28;35;36;41;6;11
1490;2021-12-31;17000000;7;22;25;43;49;6;7
1489;2021-12-28;78000000;4;6;15;17;29;9;12
1488;2021-12-24;68000000;2;26;28;34;41;5;10
1487;2021-12-21;51000000;12;17;21;34;38;2;3
1486;2021-12-17;40000000;1;2;15;30;35;2;7
1485;2021-12-14;26000000;19;21;37;47;48;3;6
1484;2021-12-10;17000000;11;21;33;38;42;2;8
1483;2021-12-07;143000000;22;31;38;46;47;7;11
1482;2021-12-03;130000000;21;22;29;32;46;9;10
1481;2021-11-30;17000000;19;20;26;33;43;1;4
1480;2021-11-26;163000000;1;20;41;42;50;3;7
1479;2021-11-23;145000000;17;21;36;42;46;7;10
1478;2021-11-19;131000000;22;26;38;47;50;2;6
1477;2021-11-16;115000000;9;19;21;32;36;3;4
1476;2021-11-12;104000000;2;9;15;47;50;6;9
1475;2021-11-09;89000000;17;25;26;33;36;1;8
1474;2021-11-05;79000000;2;12;25;30;41;8;11
1473;2021-11-02;66000000;2;3;17;29;43;1;4
1472;2021-10-29;54000000;10;15;28;32;49;3;9
1471;2021-10-26;40000000;12;15;20;42;44;1;2
1470;2021-10-22;30000000;12;17;22;33;39;2;12
1469;2021-10-19;17000000;4;20;36;40;41;1;6
1468;2021-10-15;220000000;21;26;31;34;49;2;5
1467;2021-10-12;220000000;6;13;22;45;49;10;11
1466;2021-10-08;202000000;1;10;23;42;46;3;5
1465;2021-10-05;178000000;11;13;14;36;45;7;9
1464;2021-10-01;163000000;1;15;19;26;48;6;12
1463;2021-09-28;143000000;6;7;12;33;39;1;7
1462;2021-09-24;130000000;2;12;20;27;41;10;12
1461;2021-09-21;49000000;20;25;26;30;38;2;8
1460;2021-09-17;39000000;5;7;8;10;34;1;9
1459;2021-09-14;26000000;12;18;35;38;45;2;8
1458;2021-09-10;17000000;1;6;7;18;28;2;8
1457;2021-09-07;26000000;7;19;35;42;43;7;9
1456;2021-09-03;17000000;5;7;13;29;35;3;7
1455;2021-08-31;64000000;5;13;17;32;43;2;10
1454;2021-08-27;53000000;2;3;31;46;50;8;12
1453;2021-08-24;39000000;19;21;36;44;50;3;10
1452;2021-08-20;29000000;3;9;19;20;23;9;11
1451;2021-08-17;17000000;12;31;41;42;47;4;6
1450;2021-08-13;110000000;6;12;44;47;49;8;12
1449;2021-08-10;94000000;9;37;47;48;49;2;7
1448;2021-08-06;84000000;7;14;21;26;32;4;12
1447;2021-08-03;71000000;17;21;23;45;46;7;11
1446;2021-07-30;62000000;10;23;33;35;37;5;10
1445;2021-07-27;48000000;5;9;19;21;25;10;12
1444;2021-07-23;39000000;23;24;26;34;50;2;4
1443;2021-07-20;26000000;3;12;19;41;48;6;9
1442;2021-07-16;17000000;5;16;42;47;49;3;11
1441;2021-07-13;26000000;5;6;8;11;22;3;4
1440;2021-07-09;17000000;6;19;36;37;49;4;11
1439;2021-07-06;17000000;2;5;21;27;42;9;11
1438;2021-07-02;77000000;9;14;29;38;49;7;10
1437;2021-06-29;64000000;6;12;20;24;48;5;6
1436;2021-06-25;54000000;1;29;30;33;36;3;12
1435;2021-06-22;40000000;6;24;26;27;41;3;8
1434;2021-06-18;30000000;11;20;27;30;41;3;5
1433;2021-06-15;17000000;11;21;26;30;31;2;3
1432;2021-06-11;30000000;9;17;21;33;39;7;11
1431;2021-06-08;17000000;2;11;26;36;47;7;9
1430;2021-06-04;130000000;7;20;36;40;46;2;4
1429;2021-06-01;88000000;3;10;26;35;44;6;7
1428;2021-05-28;78000000;11;13;16;34;40;1;12
1427;2021-05-25;65000000;1;21;26;30;38;2;8
1426;2021-05-21;55000000;2;9;13;15;35;3;10
1425;2021-05-18;41000000;5;13;38;39;40;4;12
1424;2021-05-14;30000000;6;16;18;29;38;6;11
1423;2021-05-11;17000000;14;25;34;43;46;5;6
1422;2021-05-07;69000000;14;22;33;38;47;8;9
1421;2021-05-04;53000000;3;10;13;28;46;4;11
1420;2021-04-30;42000000;1;16;24;28;46;2;11
1419;2021-04-27;26000000;13;14;24;35;49;1;10
1418;2021-04-23;17000000;3;14;15;19;29;2;8
1417;2021-04-20;69000000;5;17;28;41;46;10;11
1416;2021-04-16;58000000;6;11;29;40;48;5;9
1415;2021-04-13;42000000;16;20;31;47;50;2;8
1414;2021-04-09;31000000;2;8;32;35;44;8;11
1413;2021-04-06;17000000;2;21;37;38;50;7;8
1412;2021-04-02;144000000;4;21;34;40;47;2;5
1411;2021-03-30;125000000;24;27;28;29;42;4;8
1410;2021-03-26;115000000;10;12;37;49;50;3;8
1409;2021-03-23;97000000;2;26;29;36;49;3;9
1408;2021-03-19;86000000;3;9;35;43;44;1;10
1407;2021-03-16;71000000;23;25;32;35;47;2;6
1406;2021-03-12;58000000;4;6;9;11;44;10;11
1405;2021-03-09;43000000;1;16;21;32;33;11;12
1404;2021-03-05;30000000;4;5;39;46;48;7;10
1403;2021-03-02;17000000;2;19;24;26;49;6;7
1402;2021-02-26;210000000;6;12;22;29;33;6;11
1401;2021-02-23;210000000;9;18;30;39;45;1;3
1400;2021-02-19;202000000;4;12;25;46;48;7;12
1399;2021-02-16;179000000;5;9;25;29;30;6;7
1398;2021-02-12;163000000;7;23;30;32;36;8;12
1397;2021-02-09;144000000;5;10;24;31;37;9;10
1396;2021-02-05;130000000;12;19;37;44;45;2;6
1395;2021-02-02;40000000;18;20;35;38;48;9;12
1394;2021-01-29;30000000;1;5;27;36;42;1;6
1393;2021-01-26;17000000;5;7;25;37;40;2;8
1392;2021-01-22;79000000;8;16;42;44;47;6;7
1391;2021-01-19;67000000;25;27;31;35;43;5;6
1390;2021-01-15;55000000;4;10;27;38;40;3;11
1389;2021-01-12;41000000;2;10;18;34;35;6;9
1388;2021-01-08;30000000;18;23;37;41;42;4;6
1387;2021-01-05;17000000;12;34;37;38;42;1;3
1386;2021-01-01;42000000;16;28;32;44;48;1;9
1385;2020-12-29;28000000;7;32;39;40;45;3;8
1384;2020-12-25;0;16;21;27;30;32;3;5
1383;2020-12-22;41000000;2;10;16;42;50;4;11
1382;2020-12-18;30000000;2;3;13;17;21;7;8
1381;2020-12-15;0;9;13;21;29;35;1;2
1380;2020-12-11;200000000;6;9;13;24;41;3;12
1379;2020-12-08;200000000;1;4;21;24;46;2;12
1378;2020-12-04;200000000;14;20;27;34;38;1;11
1377;2020-12-01;178000000;14;20;29;47;49;4;12
1376;2020-11-27;162000000;2;5;8;14;16;8;9
1375;2020-11-24;143000000;25;33;38;42;50;8;12
1374;2020-11-20;130000000;28;29;39;48;50;5;7
1373;2020-11-17;74000000;16;19;25;30;44;2;6
1372;2020-11-13;64000000;1;5;17;28;31;1;10
1371;2020-11-10;49000000;3;19;29;32;38;5;12
1370;2020-11-06;39000000;7;12;37;40;50;1;2
1369;2020-11-03;26000000;5;7;18;20;30;6;7
1368;2020-10-30;17000000;12;16;20;21;28;3;9
1367;2020-10-27;87000000;13;15;28;32;44;3;12
1366;2020-10-23;77000000;10;15;19;21;23;3;12
1365;2020-10-20;64000000;5;6;15;37;42;3;4
1364;2020-10-16;53000000;15;33;38;40;50;3;6
1363;2020-10-13;39000000;5;14;38;41;46;1;10
1362;2020-10-09;29000000;11;15;35;41;50;5;8
1361;2020-10-06;17000000;4;21;36;41;47;9;11
1360;2020-10-02;29000000;6;12;15;40;45;3;9
1359;2020-09-29;17000000;4;14;16;41;44;11;12
1358;2020-09-25;130000000;19;23;34;37;45;1;7
1357;2020-09-22;76000000;16;25;28;39;40;1;6
1356;2020-09-18;67000000;2;10;19;25;45;1;7
1355;2020-09-15;50000000;16;20;25;30;38;6;8
1354;2020-09-11;40000000;34;38;42;43;45;9;12
1353;2020-09-08;26000000;2;9;31;35;41;9;12
1352;2020-09-04;17000000;6;22;29;40;43;4;7
1351;2020-09-01;156000000;4;8;10;33;46;8;11
1350;2020-08-28;140000000;7;12;16;17;31;7;9
1349;2020-08-25;122000000;7;18;30;37;39;8;10
1348;2020-08-21;110000000;10;15;35;44;50;3;5
1347;2020-08-18;95000000;6;12;17;34;42;5;12
1346;2020-08-14;85000000;9;10;19;42;49;4;12
1345;2020-08-11;73000000;8;13;14;42;50;3;9
1344;2020-08-07;64000000;5;20;21;36;41;6;11
1343;2020-08-04;49000000;1;2;5;15;42;5;8
1342;2020-07-31;39000000;21;24;30;46;49;2;5
1341;2020-07-28;26000000;9;13;15;17;34;2;7
1340;2020-07-24;17000000;8;9;27;28;50;4;12
1339;2020-07-21;50000000;14;15;24;29;42;2;4
1338;2020-07-17;39000000;7;15;27;41;43;7;9
1337;2020-07-14;26000000;11;22;30;37;47;9;10
1336;2020-07-10;17000000;15;17;23;30;38;2;7
1335;2020-07-07;143000000;12;16;23;33;41;8;10
1334;2020-07-03;130000000;4;16;27;37;39;3;6
1333;2020-06-30;61000000;1;6;11;28;42;2;10
1332;2020-06-26;51000000;1;10;12;21;26;5;11
1331;2020-06-23;38000000;2;12;19;46;49;1;8
1330;2020-06-19;28000000;5;14;19;24;43;3;11
1329;2020-06-16;17000000;4;9;11;17;39;2;10
1328;2020-06-12;50000000;2;24;39;45;46;4;8
1327;2020-06-09;37000000;5;15;27;36;46;2;8
1326;2020-06-05;28000000;5;11;17;24;37;3;6
1325;2020-06-02;17000000;10;12;22;26;49;7;11
1324;2020-05-29;17000000;4;8;11;19;46;4;8
1323;2020-05-26;37000000;4;9;14;21;27;4;6
1322;2020-05-22;27000000;3;18;22;27;32;2;7
1321;2020-05-19;17000000;5;25;32;37;43;6;7
1320;2020-05-15;72000000;11;23;32;34;39;1;6
1319;2020-05-12;63000000;9;16;29;37;39;4;11
1318;2020-05-08;56000000;8;25;32;33;38;7;9
1317;2020-05-05;48000000;2;10;22;27;41;2;3
1316;2020-05-01;40000000;19;20;38;45;47;2;6
1315;2020-04-28;32000000;15;23;26;28;32;1;5
1314;2020-04-24;25000000;1;5;19;21;28;4;7
1313;2020-04-21;17000000;10;11;14;23;28;6;8
1312;2020-04-17;66000000;16;28;32;37;45;1;11
1311;2020-04-14;58000000;6;29;34;35;40;4;11
1310;2020-04-10;52000000;3;10;17;33;39;1;4
1309;2020-04-07;45000000;4;5;14;33;48;7;12
1308;2020-04-03;37000000;16;19;34;46;50;2;6
1307;2020-03-31;29000000;12;17;24;30;36;1;9
1306;2020-03-27;24000000;11;14;27;41;46;2;3
1305;2020-03-24;17000000;7;12;26;30;33;10;11
1304;2020-03-20;17000000;3;9;20;34;40;6;12
1303;2020-03-17;65000000;5;7;8;16;20;2;12
1302;2020-03-13;54000000;3;11;21;27;36;9;10
1301;2020-03-10;40000000;11;23;30;37;43;5;12
1300;2020-03-06;30000000;15;38;43;45;46;1;11
1299;2020-03-03;17000000;4;14;27;44;45;1;10
1298;2020-02-28;66000000;8;11;20;22;23;3;4
1297;2020-02-25;51000000;1;4;18;27;42;4;6
1296;2020-02-21;41000000;7;23;30;32;45;5;9
1295;2020-02-18;27000000;11;32;34;38;47;2;10
1294;2020-02-14;17000000;5;20;35;41;49;6;10
1293;2020-02-11;17000000;24;26;32;43;46;6;10
1292;2020-02-07;130000000;9;15;17;25;40;3;9
1291;2020-02-04;38000000;21;23;33;35;47;6;7
1290;2020-01-31;28000000;13;18;20;23;30;2;4
1289;2020-01-28;17000000;1;19;27;31;38;4;5
1288;2020-01-24;28000000;3;4;6;9;24;5;8
1287;2020-01-21;17000000;10;11;24;36;46;3;5
1286;2020-01-17;100000000;8;19;20;29;44;3;8
1285;2020-01-14;90000000;21;25;29;39;44;8;9
1284;2020-01-10;83000000;6;17;32;44;46;2;6
1283;2020-01-07;75000000;5;8;12;37;43;6;11
1282;2020-01-03;62000000;5;15;20;36;47;8;12
1281;2019-12-31;49000000;26;31;33;41;48;2;4
1280;2019-12-27;38000000;1;7;22;26;35;5;10
1279;2019-12-24;25000000;3;11;13;14;47;3;6
1278;2019-12-20;0;8;24;30;32;34;3;4
1277;2019-12-17;47000000;1;7;12;25;49;6;9
1276;2019-12-13;37000000;9;16;18;23;32;2;10
1275;2019-12-10;25000000;2;10;19;21;47;2;8
1274;2019-12-06;17000000;1;3;27;39;46;1;10
1273;2019-12-03;47000000;18;31;32;38;48;4;12
1272;2019-11-29;37000000;3;7;12;42;50;6;8
1271;2019-11-26;25000000;2;3;15;19;34;5;8
1270;2019-11-22;17000000;3;21;32;34;48;3;11
1269;2019-11-19;123000000;8;10;15;30;42;4;6
1268;2019-11-15;114000000;3;13;20;32;34;4;11
1267;2019-11-12;104000000;1;21;23;25;39;2;4
1266;2019-11-08;96000000;8;17;20;23;45;2;8
1265;2019-11-05;86000000;9;14;25;33;48;2;12
1264;2019-11-01;80000000;2;20;39;44;48;5;7
1263;2019-10-29;71000000;16;18;28;42;49;5;10
1262;2019-10-25;61000000;34;37;39;40;50;4;10
1261;2019-10-22;47000000;2;5;32;33;47;7;8
1260;2019-10-18;37000000;8;18;22;41;42;11;12
1259;2019-10-15;26000000;3;28;31;32;34;4;5
1258;2019-10-11;17000000;2;14;19;42;45;5;6
1257;2019-10-08;190000000;7;10;15;44;49;3;12
1256;2019-10-04;190000000;6;9;35;41;44;6;9
1255;2019-10-01;190000000;2;11;18;40;46;1;4
1254;2019-09-27;190000000;24;37;41;43;46;2;8
1253;2019-09-24;190000000;2;33;42;47;48;1;2
1252;2019-09-20;188000000;8;21;25;38;50;4;8
1251;2019-09-17;173000000;22;37;43;44;45;1;12
1250;2019-09-13;162000000;1;12;27;42;47;6;7
1249;2019-09-10;149000000;3;22;25;30;49;3;6
1248;2019-09-06;139000000;10;13;22;40;48;2;5
1247;2019-09-03;127000000;7;11;38;39;44;7;10
1246;2019-08-30;119000000;25;27;45;46;49;4;6
1245;2019-08-27;108000000;8;26;35;43;47;1;9
1244;2019-08-23;100000000;4;17;35;42;45;2;8
1243;2019-08-20;91000000;20;22;23;24;37;1;4
1242;2019-08-16;84000000;9;10;27;37;42;1;5
1241;2019-08-13;75000000;13;29;31;33;40;2;3
1240;2019-08-09;69000000;2;14;35;41;42;10;11
1239;2019-08-06;57000000;12;13;29;36;38;4;12
1238;2019-08-02;48000000;13;22;33;44;50;2;5
1237;2019-07-30;36000000;15;20;23;27;40;3;6
1236;2019-07-26;28000000;2;5;27;37;42;3;10
1235;2019-07-23;17000000;1;14;19;23;38;3;7
1234;2019-07-19;108000000;13;14;17;26;28;2;7
1233;2019-07-16;97000000;3;5;13;18;39;7;8
1232;2019-07-12;90000000;2;31;39;45;47;4;8
1231;2019-07-09;81000000;7;29;32;36;41;6;7
1230;2019-07-05;74000000;2;9;20;34;42;6;9
1229;2019-07-02;66000000;11;19;29;44;45;8;12
1228;2019-06-28;56000000;1;3;16;33;49;2;11
1227;2019-06-25;45000000;6;26;27;34;46;1;9
1226;2019-06-21;36000000;5;8;9;25;39;3;7
1225;2019-06-18;24000000;12;24;37;40;44;3;7
1224;2019-06-14;17000000;1;13;30;31;39;2;7
1223;2019-06-11;139000000;25;27;39;42;46;11;12
1222;2019-06-07;130000000;1;4;16;20;34;2;5
1221;2019-06-04;24000000;9;31;32;39;41;2;8
1220;2019-05-31;17000000;1;23;24;26;35;1;11
1219;2019-05-28;66000000;7;19;20;28;29;1;5
1218;2019-05-24;57000000;5;16;23;30;49;6;7
1217;2019-05-21;44000000;32;33;34;39;47;8;12
1216;2019-05-17;36000000;16;28;42;43;45;6;7
1215;2019-05-14;25000000;10;14;17;25;50;2;10
1214;2019-05-10;17000000;1;4;27;45;48;1;7
1213;2019-05-07;25000000;7;20;26;32;47;2;11
1212;2019-05-03;17000000;2;9;20;27;43;5;6
1211;2019-04-30;25000000;5;12;20;26;48;2;11
1210;2019-04-26;17000000;14;33;35;47;50;9;11
1209;2019-04-23;44000000;18;23;27;42;44;2;7
1208;2019-04-19;36000000;7;8;32;41;49;5;11
1207;2019-04-16;25000000;1;8;15;44;49;2;11
1206;2019-04-12;17000000;1;28;35;36;46;6;9
1205;2019-04-09;79000000;18;21;29;38;41;1;11
1204;2019-04-05;72000000;1;7;10;29;45;3;5
1203;2019-04-02;59000000;2;9;16;26;36;6;7
1202;2019-03-29;49000000;13;23;26;32;47;6;10
1201;2019-03-26;37000000;12;19;23;43;47;2;6
1200;2019-03-22;28000000;4;17;26;30;43;6;11
1199;2019-03-19;17000000;1;6;9;34;47;7;12
1198;2019-03-15;82000000;3;15;24;42;46;9;12
1197;2019-03-12;73000000;5;7;13;19;31;2;9
1196;2019-03-08;62000000;17;18;19;24;40;4;8
1195;2019-03-05;49000000;6;10;16;39;46;8;11
1194;2019-03-01;39000000;6;9;19;26;31;11;12
1193;2019-02-26;25000000;3;15;29;35;47;3;4
1192;2019-02-22;0;3;27;29;33;50;3;7
1191;2019-02-19;176000000;1;8;18;19;39;7;9
1190;2019-02-15;164000000;15;27;34;38;49;2;10
1189;2019-02-12;151000000;6;34;36;41;50;1;5
1188;2019-02-08;141000000;11;12;13;39;46;7;10
1187;2019-02-05;128000000;14;25;31;37;43;2;3
1186;2019-02-01;120000000;3;21;26;41;46;1;6
1185;2019-01-29;84000000;14;24;26;32;39;3;8
1184;2019-01-25;78000000;1;6;13;15;16;6;10
1183;2019-01-22;70000000;9;23;29;41;49;8;10
1182;2019-01-18;60000000;5;6;16;30;46;5;10
1181;2019-01-15;46000000;22;25;29;33;35;3;6
1180;2019-01-11;36000000;1;19;31;39;48;1;6
1179;2019-01-08;25000000;3;19;22;31;32;2;11
1178;2019-01-04;17000000;7;11;19;27;37;6;10
1177;2019-01-01;128000000;1;8;11;25;28;4;6
1176;2018-12-28;119000000;13;16;34;35;45;10;12
1175;2018-12-25;109000000;4;5;8;31;43;2;9
1174;2018-12-21;101000000;2;12;15;34;50;3;4
1173;2018-12-18;91000000;1;9;18;39;48;5;7
1172;2018-12-14;85000000;12;29;38;42;44;2;12
1171;2018-12-11;76000000;4;7;13;23;42;1;3
1170;2018-12-07;70000000;11;17;26;37;48;1;10
1169;2018-12-04;57000000;19;20;21;42;45;8;9
1168;2018-11-30;48000000;3;10;12;23;26;1;12
1167;2018-11-27;36000000;4;16;17;18;32;2;11
1166;2018-11-23;28000000;5;8;25;26;30;3;10
1165;2018-11-20;17000000;6;19;39;45;48;7;12
1164;2018-11-16;49000000;9;10;13;28;41;1;12
1163;2018-11-13;37000000;2;7;10;13;42;3;6
1162;2018-11-09;29000000;14;17;32;37;49;11;12
1161;2018-11-06;17000000;14;24;36;40;43;2;9
1160;2018-11-02;87000000;5;15;17;37;44;7;11
1159;2018-10-30;79000000;17;23;27;43;44;1;12
1158;2018-10-26;71000000;5;18;21;31;35;6;9
1157;2018-10-23;58000000;1;2;5;21;32;2;12
1156;2018-10-19;49000000;1;3;29;47;48;3;12
1155;2018-10-16;36000000;15;28;37;40;42;1;6
1154;2018-10-12;27000000;4;9;12;31;43;5;8
1153;2018-10-09;17000000;3;12;36;44;45;8;11
1152;2018-10-05;17000000;8;16;24;26;35;3;11
1151;2018-10-02;162000000;7;17;29;37;45;3;11
1150;2018-09-28;151000000;2;4;8;27;50;2;9
1149;2018-09-25;138000000;6;15;20;30;38;4;7
1148;2018-09-21;130000000;5;7;21;25;37;3;4
1147;2018-09-18;45000000;3;8;10;32;45;4;12
1146;2018-09-14;36000000;1;3;33;40;45;3;4
1145;2018-09-11;24000000;9;18;32;38;46;2;3
1144;2018-09-07;17000000;4;23;27;31;50;1;8
1143;2018-09-04;44000000;5;14;28;30;47;4;11
1142;2018-08-31;35000000;4;30;31;38;42;4;6
1141;2018-08-28;25000000;4;16;32;42;46;8;12
1140;2018-08-24;17000000;3;14;31;36;50;1;12
1139;2018-08-21;107000000;16;23;42;43;49;10;12
1138;2018-08-17;99000000;2;15;18;24;43;8;12
1137;2018-08-14;90000000;1;15;18;25;31;9;11
1136;2018-08-10;83000000;18;20;36;43;44;3;9
1135;2018-08-07;75000000;16;28;29;30;36;8;10
1134;2018-08-03;68000000;7;26;36;38;43;6;12
1133;2018-07-31;56000000;20;25;34;42;45;6;11
1132;2018-07-27;47000000;11;17;22;23;41;6;11
1131;2018-07-24;35000000;2;4;23;39;40;3;9
1130;2018-07-20;27000000;2;15;40;43;46;3;6
1129;2018-07-17;17000000;4;6;27;48;50;1;11
1128;2018-07-13;17000000;1;4;14;21;49;2;12
1127;2018-07-10;65000000;3;8;26;33;45;7;10
1126;2018-07-06;55000000;8;30;33;38;48;2;10
1125;2018-07-03;44000000;1;12;15;29;48;3;5
1124;2018-06-29;36000000;15;21;23;40;48;3;12
1123;2018-06-26;24000000;15;16;20;34;50;4;7
1122;2018-06-22;17000000;14;25;39;41;44;2;8
1121;2018-06-19;36000000;7;19;26;42;50;4;9
1120;2018-06-15;28000000;23;26;33;38;49;1;12
1119;2018-06-12;17000000;7;21;23;36;38;6;8
1118;2018-06-08;17000000;8;19;32;43;46;2;8
1117;2018-06-05;17000000;9;15;22;39;46;4;5
1116;2018-06-01;74000000;17;18;24;29;40;4;5
1115;2018-05-29;66000000;6;11;20;38;43;2;4
1114;2018-05-25;57000000;13;15;16;28;41;4;5
1113;2018-05-22;45000000;1;11;37;41;48;8;12
1112;2018-05-18;37000000;5;8;10;13;31;3;6
1111;2018-05-15;25000000;4;16;20;31;39;2;12
1110;2018-05-11;17000000;3;22;34;49;50;8;11
1109;2018-05-08;45000000;17;25;35;39;44;2;5
1108;2018-05-04;36000000;6;12;23;39;45;9;12
1107;2018-05-01;24000000;6;15;17;42;48;4;6
1106;2018-04-27;17000000;12;24;40;41;46;5;12
1105;2018-04-24;138000000;20;23;28;30;44;3;7
1104;2018-04-20;130000000;3;16;25;39;44;7;11
1103;2018-04-17;25000000;15;27;33;39;50;4;6
1102;2018-04-13;17000000;5;25;34;48;50;6;7
1101;2018-04-10;17000000;14;27;39;46;48;11;12
1100;2018-04-06;76000000;1;29;33;45;47;4;8
1099;2018-04-03;67000000;3;8;16;40;43;5;8
1098;2018-03-30;58000000;12;17;28;35;47;7;11
1097;2018-03-27;46000000;17;20;23;40;46;9;10
1096;2018-03-23;37000000;5;7;11;46;50;8;11
1095;2018-03-20;25000000;26;29;37;39;44;9;11
1094;2018-03-16;17000000;4;17;24;27;31;10;11
1093;2018-03-13;61000000;9;11;13;33;49;6;12
1092;2018-03-09;50000000;9;14;21;32;44;1;12
1091;2018-03-06;37000000;15;20;26;31;44;2;9
1090;2018-03-02;28000000;2;7;34;45;48;1;12
1089;2018-02-27;17000000;3;31;41;48;50;8;11
1088;2018-02-23;174000000;10;17;18;28;47;3;7
1087;2018-02-20;160000000;6;14;19;25;29;5;11
1086;2018-02-16;151000000;10;12;23;32;50;4;10
1085;2018-02-13;138000000;10;13;17;21;44;1;10
1084;2018-02-09;128000000;22;31;36;38;44;1;11
1083;2018-02-06;116000000;8;17;28;34;38;6;12
1082;2018-02-02;108000000;14;34;36;39;48;2;3
1081;2018-01-30;98000000;11;15;21;27;35;4;5
1080;2018-01-26;90000000;6;15;24;28;48;4;9
1079;2018-01-23;81000000;5;8;9;23;24;7;8
1078;2018-01-19;74000000;3;8;17;44;50;2;7
1077;2018-01-16;60000000;20;23;31;34;46;3;12
1076;2018-01-12;50000000;13;21;23;30;45;4;6
1075;2018-01-09;37000000;6;12;15;38;49;2;9
1074;2018-01-05;28000000;2;5;20;38;41;4;8
1073;2018-01-02;17000000;10;20;21;28;48;1;8
1072;2017-12-29;37000000;4;8;22;23;48;1;12
1071;2017-12-26;25000000;4;17;30;43;44;2;10
1070;2017-12-22;17000000;5;24;30;31;43;3;6
1069;2017-12-19;135000000;8;15;30;38;46;4;7
1068;2017-12-15;126000000;25;30;31;42;50;2;11
1067;2017-12-12;115000000;20;37;39;44;50;4;8
1066;2017-12-08;106000000;4;22;30;32;34;3;4
1065;2017-12-05;97000000;11;36;43;44;48;2;7
1064;2017-12-01;89000000;5;24;29;35;46;11;12
1063;2017-11-28;80000000;1;6;12;18;42;2;7
1062;2017-11-24;73000000;19;24;28;30;50;3;10
1061;2017-11-21;60000000;2;10;14;28;31;5;7
1060;2017-11-17;50000000;20;26;35;36;42;5;12
1059;2017-11-14;38000000;14;16;39;40;41;8;10
1058;2017-11-10;29000000;13;22;29;36;37;1;9
1057;2017-11-07;17000000;7;19;20;37;41;2;12
1056;2017-11-03;28000000;5;12;17;33;41;4;9
1055;2017-10-31;17000000;1;12;36;43;46;3;5
1054;2017-10-27;17000000;3;16;23;32;39;1;4
1053;2017-10-24;64000000;9;11;13;27;33;7;10
1052;2017-10-20;54000000;4;17;23;27;30;3;8
1051;2017-10-17;41000000;13;17;19;26;36;2;3
1050;2017-10-13;31000000;23;29;37;45;50;5;11
1049;2017-10-10;17000000;4;21;34;36;37;3;6
1048;2017-10-06;190000000;1;9;15;19;25;1;7
1047;2017-10-03;190000000;6;24;32;48;50;1;5
1046;2017-09-29;177000000;7;18;19;32;48;3;7
1045;2017-09-26;163000000;1;29;40;41;48;6;12
1044;2017-09-22;153000000;6;11;31;39;42;1;3
1043;2017-09-19;139000000;1;8;21;30;45;2;3
1042;2017-09-15;130000000;13;18;37;44;49;9;12
1041;2017-09-12;36000000;10;17;27;29;35;4;11
1040;2017-09-08;28000000;9;24;42;47;49;1;5
1039;2017-09-05;17000000;6;9;18;28;29;1;9
1038;2017-09-01;28000000;3;7;8;14;49;5;8
1037;2017-08-29;17000000;4;12;15;32;38;1;5
1036;2017-08-25;17000000;1;5;7;15;47;9;12
1035;2017-08-22;43000000;3;10;12;17;27;3;5
1034;2017-08-18;35000000;2;24;39;42;45;2;8
1033;2017-08-15;24000000;10;14;30;35;46;4;10
1032;2017-08-11;17000000;18;28;39;46;48;5;12
1031;2017-08-08;36000000;15;25;26;40;41;4;5
1030;2017-08-04;28000000;29;30;36;40;41;2;9
1029;2017-08-01;17000000;14;21;24;29;30;8;10
1028;2017-07-28;57000000;5;9;29;31;41;2;4
1027;2017-07-25;45000000;12;14;43;44;48;2;11
1026;2017-07-21;36000000;1;8;9;26;49;5;9
1025;2017-07-18;25000000;1;25;27;41;45;5;7
1024;2017-07-14;17000000;11;14;20;21;47;7;10
1023;2017-07-11;17000000;14;22;26;42;50;8;10
1022;2017-07-07;28000000;11;20;35;37;45;3;6
1021;2017-07-04;17000000;10;22;25;37;49;5;8
1020;2017-06-30;100000000;17;35;39;47;50;6;8
1019;2017-06-27;79000000;9;17;21;28;45;1;3
1018;2017-06-23;73000000;3;4;21;31;38;3;7
1017;2017-06-20;59000000;11;18;26;43;44;8;10
1016;2017-06-16;50000000;15;17;38;41;42;9;12
1015;2017-06-13;37000000;3;12;22;27;49;4;11
1014;2017-06-09;28000000;9;20;27;39;43;10;11
1013;2017-06-06;17000000;20;22;25;37;40;3;7
1012;2017-06-02;152000000;8;10;24;33;42;3;9
1011;2017-05-30;139000000;7;12;27;38;48;6;9
1010;2017-05-26;129000000;5;7;26;36;39;2;10
1009;2017-05-23;116000000;8;15;25;27;42;1;4
1008;2017-05-19;107000000;9;11;12;19;30;4;9
1007;2017-05-16;97000000;8;11;15;20;30;3;8
1006;2017-05-12;90000000;2;20;28;29;44;3;9
1005;2017-05-09;80000000;8;12;16;22;26;6;7
1004;2017-05-05;73000000;3;7;30;35;43;1;3
1003;2017-05-02;66000000;6;19;23;25;27;11;12
1002;2017-04-28;57000000;14;20;25;30;39;2;8
1001;2017-04-25;45000000;9;11;19;32;43;3;9
1000;2017-04-21;36000000;2;13;16;22;49;4;5
999;2017-04-18;25000000;17;22;31;38;45;5;12
998;2017-04-14;17000000;4;14;20;23;33;6;10
997;2017-04-11;83000000;5;21;22;31;49;2;8
996;2017-04-07;76000000;2;10;19;35;50;6;7
995;2017-04-04;68000000;1;9;24;33;34;2;6
994;2017-03-31;58000000;17;24;26;28;45;4;12
993;2017-03-28;46000000;9;13;31;33;46;6;10
992;2017-03-24;37000000;2;17;21;27;34;5;9
991;2017-03-21;25000000;1;20;23;44;47;4;11
990;2017-03-17;17000000;6;10;19;29;36;3;9
989;2017-03-14;79000000;3;5;21;36;44;3;6
988;2017-03-10;72000000;31;36;38;47;49;8;11
987;2017-03-07;59000000;6;37;41;48;50;4;5
986;2017-03-03;49000000;2;11;29;30;47;1;12
985;2017-02-28;37000000;10;20;31;35;42;2;12
984;2017-02-24;29000000;2;4;13;22;43;8;9
983;2017-02-21;17000000;13;19;41;45;49;3;4
982;2017-02-17;17000000;19;25;33;36;48;2;9
981;2017-02-14;46000000;2;10;24;40;44;3;10
980;2017-02-10;37000000;7;21;26;35;43;2;9
979;2017-02-07;25000000;4;10;31;38;44;8;10
978;2017-02-03;17000000;3;4;15;46;50;5;9
977;2017-01-31;25000000;3;4;17;23;44;6;9
976;2017-01-27;17000000;17;20;28;45;48;5;9
975;2017-01-24;88000000;1;5;7;17;23;3;8
974;2017-01-20;80000000;10;17;27;31;49;3;5
973;2017-01-17;71000000;4;16;25;43;47;2;10
972;2017-01-13;61000000;3;7;16;26;50;4;7
971;2017-01-10;45000000;2;11;29;35;44;4;9
970;2017-01-06;37000000;10;14;18;21;49;9;11
969;2017-01-03;25000000;19;23;27;34;49;1;11
968;2016-12-30;17000000;8;10;22;29;47;1;3
967;2016-12-27;25000000;3;22;25;32;39;7;12
966;2016-12-23;17000000;4;16;20;39;46;2;5
965;2016-12-20;60000000;13;15;17;21;27;2;3
964;2016-12-16;50000000;6;10;30;41;45;4;11
963;2016-12-13;38000000;14;28;29;48;50;2;8
962;2016-12-09;29000000;6;12;28;37;40;1;5
961;2016-12-06;17000000;1;7;11;27;45;4;9
960;2016-12-02;28000000;6;11;23;31;32;2;12
959;2016-11-29;17000000;21;26;27;28;38;9;11
958;2016-11-25;60000000;5;11;17;23;28;10;11
957;2016-11-22;47000000;5;10;33;34;47;2;10
956;2016-11-18;38000000;3;12;27;32;47;6;8
955;2016-11-15;25000000;7;15;36;42;48;3;7
954;2016-11-11;17000000;3;22;23;38;49;2;9
953;2016-11-08;38000000;5;9;47;49;50;8;9
952;2016-11-04;29000000;7;11;12;44;48;3;7
951;2016-11-01;17000000;6;10;20;29;37;1;9
950;2016-10-28;17000000;10;16;19;23;43;2;8
949;2016-10-25;49000000;3;15;20;21;28;1;5
948;2016-10-21;39000000;9;20;23;44;48;8;10
947;2016-10-18;25000000;2;17;21;25;27;6;9
946;2016-10-14;17000000;7;13;19;31;34;1;11
945;2016-10-11;166000000;5;12;20;24;37;4;11
944;2016-10-07;156000000;2;12;20;27;30;9;11
943;2016-10-04;141000000;4;7;14;34;38;4;11
942;2016-09-30;130000000;17;35;37;43;44;2;10
941;2016-09-27;17000000;6;9;13;39;41;2;12
940;2016-09-23;23000000;14;16;39;42;49;3;9
939;2016-09-20;15000000;1;4;10;41;45;6;9
938;2016-09-16;39000000;5;8;14;22;32;2;11
937;2016-09-13;30000000;4;7;16;35;44;1;3
936;2016-09-09;24000000;4;11;15;17;28;1;3
935;2016-09-06;15000000;12;24;30;34;45;7;10
934;2016-09-02;38000000;8;16;32;40;50;2;11
933;2016-08-30;30000000;13;16;29;35;42;6;8
932;2016-08-26;24000000;1;9;28;30;48;7;8
931;2016-08-23;15000000;2;23;31;37;45;4;8
930;2016-08-19;55000000;5;6;22;25;34;5;7
929;2016-08-16;45000000;2;26;34;37;46;4;8
928;2016-08-12;39000000;2;15;28;36;50;2;11
927;2016-08-09;29000000;12;19;43;44;45;5;10
926;2016-08-05;23000000;16;19;24;35;37;2;7
925;2016-08-02;15000000;2;8;27;38;46;2;6
924;2016-07-29;72000000;1;21;26;40;50;2;4
923;2016-07-26;61000000;3;10;13;45;49;2;11
922;2016-07-22;54000000;7;24;26;37;45;5;9
921;2016-07-19;45000000;19;24;28;36;37;3;6
920;2016-07-15;39000000;2;11;13;14;21;1;8
919;2016-07-12;30000000;3;7;26;33;41;2;10
918;2016-07-08;23000000;8;12;18;33;44;4;8
917;2016-07-05;15000000;1;10;29;38;48;3;4
916;2016-07-01;24000000;2;11;13;40;50;1;10
915;2016-06-28;15000000;26;32;37;43;49;4;5
914;2016-06-24;40000000;11;19;27;28;39;3;10
913;2016-06-21;30000000;5;17;32;35;49;1;5
912;2016-06-17;24000000;1;7;18;27;43;4;8
911;2016-06-14;15000000;13;34;39;42;50;9;11
910;2016-06-10;84000000;14;21;35;42;43;7;9
909;2016-06-07;73000000;19;26;35;45;49;2;5
908;2016-06-03;63000000;7;23;31;33;39;6;10
907;2016-05-31;54000000;6;12;26;30;48;6;7
906;2016-05-27;47000000;13;25;27;43;46;4;8
905;2016-05-24;37000000;16;17;23;34;37;6;9
904;2016-05-20;30000000;9;14;30;41;45;4;9
903;2016-05-17;21000000;15;27;32;36;39;3;10
902;2016-05-13;15000000;7;15;28;31;42;10;11
901;2016-05-10;73000000;2;26;27;40;49;5;10
900;2016-05-06;65000000;32;34;40;45;48;1;10
899;2016-05-03;54000000;8;23;24;34;38;3;7
898;2016-04-29;47000000;4;5;25;28;43;6;11
897;2016-04-26;37000000;10;17;31;32;42;2;5
896;2016-04-22;30000000;17;26;32;34;43;2;10
895;2016-04-19;21000000;11;14;15;27;44;2;7
894;2016-04-15;15000000;13;14;32;37;48;1;7
893;2016-04-12;64000000;1;5;9;22;38;2;10
892;2016-04-08;57000000;6;8;26;43;49;6;10
891;2016-04-05;46000000;3;5;9;19;40;2;5
890;2016-04-01;39000000;2;16;23;25;49;6;9
889;2016-03-29;30000000;1;4;19;25;36;3;11
888;2016-03-25;24000000;12;19;36;42;43;5;8
887;2016-03-22;15000000;12;15;26;42;49;5;8
886;2016-03-18;60000000;14;19;21;24;49;5;11
885;2016-03-15;49000000;5;7;10;34;44;2;10
884;2016-03-11;41000000;1;21;26;40;43;6;9
883;2016-03-08;31000000;1;8;9;14;23;1;7
882;2016-03-04;25000000;9;14;16;23;40;1;5
881;2016-03-01;15000000;4;7;13;28;37;10;11
880;2016-02-26;15000000;5;13;15;33;50;9;11
879;2016-02-23;31000000;23;25;32;37;42;1;11
878;2016-02-19;24000000;13;14;30;32;39;3;9
877;2016-02-16;15000000;3;10;22;37;50;6;10
876;2016-02-12;32000000;3;20;28;31;49;2;5
875;2016-02-09;21000000;6;9;13;28;37;4;5
874;2016-02-05;15000000;3;27;32;41;46;4;8
873;2016-02-02;15000000;6;9;10;21;36;2;6
872;2016-01-29;131000000;1;5;23;29;32;1;7
871;2016-01-26;115000000;15;24;38;40;48;2;9
870;2016-01-22;104000000;10;12;27;30;47;8;9
869;2016-01-19;89000000;2;30;38;43;46;2;7
868;2016-01-15;81000000;10;19;38;43;46;1;11
867;2016-01-12;69000000;1;2;10;30;44;1;8
866;2016-01-08;60000000;5;26;33;35;40;3;8
865;2016-01-05;49000000;6;10;31;36;39;6;10
864;2016-01-01;41000000;4;37;38;39;44;4;7
863;2015-12-29;31000000;5;20;31;32;36;6;7
862;2015-12-25;24000000;3;10;25;27;40;3;9
861;2015-12-22;15000000;18;19;20;40;41;7;10
860;2015-12-18;83000000;6;22;26;29;48;5;6
859;2015-12-15;71000000;8;11;23;27;35;4;11
858;2015-12-11;62000000;3;5;21;40;43;6;11
857;2015-12-08;51000000;12;17;29;38;48;9;11
856;2015-12-04;42000000;8;17;18;27;39;1;7
855;2015-12-01;32000000;2;15;25;35;45;8;10
854;2015-11-27;25000000;16;29;30;37;50;6;8
853;2015-11-24;15000000;9;14;16;17;26;10;11
852;2015-11-20;162000000;4;30;34;46;49;7;8
851;2015-11-17;144000000;6;7;23;37;38;10;11
850;2015-11-13;129000000;10;17;18;33;40;2;8
849;2015-11-10;111000000;6;13;18;39;43;2;8
848;2015-11-06;100000000;3;17;26;38;40;4;10
847;2015-11-03;54000000;8;27;39;46;49;2;6
846;2015-10-30;47000000;8;13;17;21;34;6;7
845;2015-10-27;37000000;11;12;20;25;36;6;9
844;2015-10-23;30000000;7;25;30;32;39;2;8
843;2015-10-20;21000000;17;19;21;30;45;8;10
842;2015-10-16;15000000;7;28;29;43;48;3;10
841;2015-10-13;30000000;12;15;26;29;47;3;11
840;2015-10-09;24000000;1;40;42;43;47;9;11
839;2015-10-06;15000000;11;20;22;29;32;1;8
838;2015-10-02;15000000;7;18;21;32;35;2;11
837;2015-09-29;15000000;11;14;26;29;49;3;9
836;2015-09-25;47000000;13;14;23;30;37;2;8
835;2015-09-22;37000000;14;23;26;27;29;7;10
834;2015-09-18;30000000;7;29;33;34;39;7;8
833;2015-09-15;21000000;8;15;17;44;49;5;8
832;2015-09-11;15000000;10;18;19;29;50;1;9
831;2015-09-08;30000000;14;16;39;40;42;1;4
830;2015-09-04;24000000;8;9;27;45;50;8;10
829;2015-09-01;15000000;6;19;21;27;45;1;8
828;2015-08-28;15000000;11;29;30;31;34;4;7
827;2015-08-25;30000000;27;31;33;42;50;2;5
826;2015-08-21;24000000;4;16;18;43;47;6;10
825;2015-08-18;15000000;7;10;11;12;19;2;9
824;2015-08-14;40000000;4;7;39;44;45;3;5
823;2015-08-11;30000000;2;3;8;15;16;4;11
822;2015-08-07;24000000;1;5;21;39;44;4;11
821;2015-08-04;15000000;10;15;39;45;50;9;10
820;2015-07-31;25000000;16;21;34;40;50;6;9
819;2015-07-28;15000000;23;32;36;43;49;7;8
818;2015-07-24;40000000;2;9;21;35;46;2;11
817;2015-07-21;30000000;14;20;27;29;44;7;10
816;2015-07-17;24000000;1;21;22;43;48;7;9
815;2015-07-14;15000000;6;18;19;34;36;1;8
814;2015-07-10;40000000;5;8;15;35;41;4;5
813;2015-07-07;31000000;6;7;18;33;41;3;10
812;2015-07-03;24000000;11;12;15;18;44;3;9
811;2015-06-30;15000000;11;15;28;34;37;1;8
810;2015-06-26;25000000;3;6;10;19;24;5;7
809;2015-06-23;15000000;4;16;22;38;49;6;9
808;2015-06-19;24000000;7;14;20;31;42;3;9
807;2015-06-16;15000000;10;15;16;36;37;3;9
806;2015-06-12;129000000;5;8;10;11;37;7;9
805;2015-06-09;110000000;5;9;17;32;34;6;8
804;2015-06-05;100000000;2;7;8;45;48;1;9
803;2015-06-02;21000000;7;23;29;37;41;1;8
802;2015-05-29;15000000;3;4;20;45;48;6;8
801;2015-05-26;37000000;5;6;7;21;24;5;6
800;2015-05-22;31000000;18;24;35;44;45;5;11
799;2015-05-19;21000000;26;30;31;35;37;8;11
798;2015-05-15;15000000;5;35;42;44;47;8;9
797;2015-05-12;47000000;14;29;30;40;46;3;6
796;2015-05-08;40000000;7;14;19;47;49;3;10
795;2015-05-05;30000000;1;10;17;20;42;8;9
794;2015-05-01;24000000;3;19;20;25;26;6;10
793;2015-04-28;15000000;24;26;28;36;45;7;10
792;2015-04-24;51000000;5;19;29;31;40;3;10
791;2015-04-21;39000000;6;14;17;42;45;1;8
790;2015-04-17;31000000;2;24;30;34;39;8;11
789;2015-04-14;21000000;24;32;34;35;49;1;2
788;2015-04-10;15000000;22;23;25;30;43;5;9
787;2015-04-07;21000000;18;25;39;44;50;5;8
786;2015-04-03;15000000;27;29;37;39;49;2;4
785;2015-03-31;73000000;8;20;24;28;49;8;9
784;2015-03-27;64000000;2;30;32;39;44;6;10
783;2015-03-24;52000000;10;24;26;39;40;3;10
782;2015-03-20;45000000;3;14;37;42;48;1;10
781;2015-03-17;33000000;11;23;26;38;44;1;8
780;2015-03-13;26000000;4;5;18;22;23;1;3
779;2015-03-10;15000000;2;6;23;30;31;2;10
778;2015-03-06;100000000;23;30;47;49;50;2;7
777;2015-03-03;79000000;6;8;11;13;21;7;8
776;2015-02-27;70000000;5;14;17;25;47;9;10
775;2015-02-24;58000000;3;25;28;34;50;1;11
774;2015-02-20;50000000;4;10;14;37;46;4;7
773;2015-02-17;40000000;2;5;18;30;43;1;10
772;2015-02-13;31000000;12;24;39;42;44;3;11
771;2015-02-10;21000000;13;17;20;30;45;9;10
770;2015-02-06;15000000;10;26;30;39;50;7;8
769;2015-02-03;15000000;17;31;33;44;50;7;11
768;2015-01-30;15000000;9;13;15;19;24;3;8
767;2015-01-27;21000000;5;10;31;33;40;8;10
766;2015-01-23;15000000;6;29;30;38;45;1;8
765;2015-01-20;32000000;15;33;41;44;47;8;10
764;2015-01-16;25000000;29;30;32;34;46;3;6
763;2015-01-13;15000000;8;17;21;31;34;9;10
762;2015-01-09;31000000;6;21;24;32;45;1;11
761;2015-01-06;22000000;14;20;30;38;49;3;4
760;2015-01-02;15000000;22;24;25;28;49;3;6
759;2014-12-30;15000000;6;18;39;44;50;8;11
758;2014-12-26;25000000;17;26;27;45;49;2;3
757;2014-12-23;15000000;8;9;19;25;49;2;10
756;2014-12-19;15000000;23;29;31;39;44;5;8
755;2014-12-16;39000000;3;7;12;13;25;5;8
754;2014-12-12;31000000;2;15;28;31;37;4;6
753;2014-12-09;21000000;1;3;31;42;46;4;11
752;2014-12-05;15000000;5;8;37;47;48;2;3
751;2014-12-02;72000000;3;15;25;44;49;1;9
750;2014-11-28;63000000;6;10;15;23;41;4;10
749;2014-11-25;50000000;3;7;25;32;36;1;6
748;2014-11-21;42000000;4;7;28;32;37;5;10
747;2014-11-18;32000000;2;3;17;36;38;4;11
746;2014-11-14;24000000;17;32;36;38;48;5;8
745;2014-11-11;15000000;2;14;21;36;46;7;11
744;2014-11-07;32000000;13;25;32;38;46;1;10
743;2014-11-04;21000000;1;6;13;17;26;3;5
742;2014-10-31;15000000;10;13;20;33;41;3;9
741;2014-10-28;15000000;10;15;17;40;45;1;2
740;2014-10-24;190000000;3;9;20;30;42;1;6
739;2014-10-21;180000000;20;21;27;33;40;3;10
738;2014-10-17;162000000;1;13;40;48;49;8;10
737;2014-10-14;142000000;4;5;15;23;32;3;7
736;2014-10-10;128000000;6;29;42;45;47;9;10
735;2014-10-07;111000000;9;21;28;30;38;1;8
734;2014-10-03;100000000;4;13;23;48;50;5;10
733;2014-09-30;32000000;3;13;15;33;42;5;7
732;2014-09-26;25000000;13;27;35;46;47;1;2
731;2014-09-23;15000000;12;13;14;29;35;1;7
730;2014-09-19;87000000;6;8;34;38;48;3;9
729;2014-09-16;73000000;4;29;30;35;50;2;4
728;2014-09-12;65000000;9;13;26;31;33;7;11
727;2014-09-09;54000000;8;15;19;24;35;8;10
726;2014-09-05;47000000;1;18;23;46;50;3;9
725;2014-09-02;37000000;5;25;31;39;45;1;8
724;2014-08-29;30000000;2;9;26;32;38;3;6
723;2014-08-26;21000000;10;22;36;45;48;4;11
722;2014-08-22;15000000;4;17;29;35;49;1;2
721;2014-08-19;54000000;4;7;11;34;47;7;8
720;2014-08-15;47000000;4;5;21;23;30;8;10
719;2014-08-12;37000000;7;16;19;22;33;2;5
718;2014-08-08;31000000;21;29;35;43;46;1;9
717;2014-08-05;21000000;5;7;19;21;42;5;11
716;2014-08-01;15000000;24;44;46;48;50;5;10
715;2014-07-29;37000000;10;23;35;40;43;3;9
714;2014-07-25;31000000;9;10;12;24;43;5;9
713;2014-07-22;21000000;1;24;43;45;50;5;8
712;2014-07-18;15000000;1;11;29;41;43;3;11
711;2014-07-15;67000000;15;18;20;27;34;1;3
710;2014-07-11;60000000;5;22;35;38;49;4;7
709;2014-07-08;49000000;8;18;22;24;27;4;11
708;2014-07-04;41000000;4;18;39;43;47;2;6
707;2014-07-01;31000000;18;22;25;27;39;5;10
706;2014-06-27;24000000;31;33;34;39;45;2;10
705;2014-06-24;15000000;1;7;20;21;48;4;7
704;2014-06-20;25000000;5;15;25;38;49;1;2
703;2014-06-17;15000000;11;13;37;40;48;8;9
702;2014-06-13;135000000;16;18;22;28;46;9;11
701;2014-06-10;118000000;12;18;21;32;33;1;11
700;2014-06-06;105000000;7;25;34;40;49;9;11
699;2014-06-03;87000000;2;15;32;39;44;5;10
698;2014-05-30;78000000;5;24;27;41;45;6;7
697;2014-05-27;66000000;7;13;16;25;26;1;6
696;2014-05-23;59000000;3;8;31;34;47;9;11
695;2014-05-20;48000000;5;33;36;38;47;4;9
694;2014-05-16;42000000;23;26;29;37;40;3;4
693;2014-05-13;31000000;4;13;30;34;47;2;6
692;2014-05-09;24000000;3;21;26;28;45;7;10
691;2014-05-06;15000000;5;19;24;31;37;1;9
690;2014-05-02;88000000;4;30;31;38;42;2;11
689;2014-04-29;75000000;18;23;26;35;44;3;11
688;2014-04-25;68000000;13;21;24;44;49;1;9
687;2014-04-22;57000000;13;15;20;24;46;1;8
686;2014-04-18;50000000;21;24;31;39;47;3;7
685;2014-04-15;39000000;3;14;26;47;50;7;11
684;2014-04-11;33000000;8;12;19;30;33;4;11
683;2014-04-08;21000000;11;18;29;42;49;4;11
682;2014-04-04;15000000;6;10;28;45;50;10;11
681;2014-04-01;15000000;16;18;26;38;44;8;10
680;2014-03-28;25000000;3;4;19;28;43;3;7
679;2014-03-25;15000000;7;20;26;28;50;2;8
678;2014-03-21;24000000;7;30;37;39;42;5;7
677;2014-03-18;15000000;8;27;34;36;39;5;10
676;2014-03-14;129000000;6;24;25;27;30;5;9
675;2014-03-11;112000000;1;4;23;33;44;7;8
674;2014-03-07;100000000;5;10;38;40;41;1;8
673;2014-03-04;15000000;3;5;22;27;44;1;6
672;2014-02-28;42000000;12;32;38;43;44;2;7
671;2014-02-25;31000000;21;25;28;35;42;4;6
670;2014-02-21;25000000;13;17;28;30;32;5;7
669;2014-02-18;15000000;23;26;36;37;49;6;7
668;2014-02-14;25000000;2;4;6;19;39;2;7
667;2014-02-11;15000000;8;17;25;41;47;1;2
666;2014-02-07;26000000;3;17;19;46;47;9;10
665;2014-02-04;15000000;1;21;33;37;38;4;8
664;2014-01-31;71000000;8;10;15;16;31;8;9
663;2014-01-28;59000000;18;20;23;42;48;2;9
662;2014-01-24;51000000;5;19;34;35;41;1;5
661;2014-01-21;40000000;4;12;35;42;48;5;8
660;2014-01-17;32000000;19;26;32;33;42;4;10
659;2014-01-14;21000000;18;20;25;26;37;10;11
658;2014-01-10;15000000;1;2;11;27;29;1;10
657;2014-01-07;127000000;2;20;27;33;45;6;10
656;2014-01-03;112000000;3;27;31;38;44;3;8
655;2013-12-31;97000000;13;20;24;29;45;3;7
654;2013-12-27;85000000;1;6;13;22;28;5;10
653;2013-12-24;72000000;5;19;31;43;50;2;6
652;2013-12-20;63000000;12;13;17;22;43;3;10
651;2013-12-17;51000000;6;8;27;37;41;7;10
650;2013-12-13;43000000;1;22;23;24;31;6;11
649;2013-12-10;31000000;6;24;35;49;50;1;7
648;2013-12-06;24000000;1;2;18;31;36;7;10
647;2013-12-03;15000000;6;13;15;29;32;2;9
646;2013-11-29;15000000;2;7;10;23;43;4;7
645;2013-11-26;31000000;19;23;27;42;44;3;5
644;2013-11-22;24000000;13;25;26;40;50;8;9
643;2013-11-19;15000000;14;15;19;36;45;1;10
642;2013-11-15;100000000;3;13;15;29;42;1;4
641;2013-11-12;15000000;14;29;37;40;48;2;11
640;2013-11-08;15000000;20;28;35;42;43;8;10
639;2013-11-05;21000000;6;12;13;35;38;2;3
638;2013-11-01;15000000;7;19;29;30;33;3;8
637;2013-10-29;15000000;9;10;30;32;37;2;6
636;2013-10-25;31000000;2;3;10;31;38;6;10
635;2013-10-22;21000000;29;33;39;41;44;9;11
634;2013-10-18;15000000;5;25;36;46;47;2;6
633;2013-10-15;50000000;18;27;39;43;47;4;7
632;2013-10-11;43000000;6;12;17;23;43;5;9
631;2013-10-08;32000000;23;24;26;33;42;3;5
630;2013-10-04;25000000;6;20;24;35;50;5;10
629;2013-10-01;15000000;19;23;25;44;48;8;9
628;2013-09-27;65000000;11;15;38;41;43;2;6
627;2013-09-24;53000000;10;20;26;28;43;9;11
626;2013-09-20;45000000;5;11;35;38;45;2;3
625;2013-09-17;34000000;13;17;21;42;44;9;11
624;2013-09-13;27000000;4;6;14;27;33;5;10
623;2013-09-10;15000000;7;11;14;28;30;2;10
622;2013-09-06;25000000;11;23;25;32;37;4;7
621;2013-09-03;15000000;5;9;16;18;42;7;9
620;2013-08-30;25000000;2;17;25;36;45;5;9
619;2013-08-27;15000000;7;30;38;40;43;2;6
618;2013-08-23;93000000;1;6;26;30;37;5;8
617;2013-08-20;79000000;5;11;42;49;50;8;11
616;2013-08-16;70000000;20;24;27;37;39;5;10
615;2013-08-13;59000000;5;17;20;47;50;1;4
614;2013-08-09;51000000;4;7;9;23;24;8;9
613;2013-08-06;39000000;16;17;31;47;49;3;11
612;2013-08-02;32000000;21;36;37;42;48;4;7
611;2013-07-30;22000000;3;4;11;14;43;1;6
610;2013-07-26;15000000;12;23;29;38;49;3;4
609;2013-07-23;15000000;14;15;16;19;44;4;5
608;2013-07-19;15000000;13;16;24;26;35;2;5
607;2013-07-16;22000000;19;23;34;47;50;4;6
606;2013-07-12;15000000;18;26;32;33;42;2;3
605;2013-07-09;33000000;16;18;31;38;49;4;10
604;2013-07-05;26000000;4;12;15;28;33;1;10
603;2013-07-02;15000000;11;13;14;28;30;4;5
602;2013-06-28;15000000;1;15;28;35;47;1;7
601;2013-06-25;185000000;4;5;13;27;35;1;2
600;2013-06-21;166000000;10;11;30;36;45;1;2
599;2013-06-18;143000000;17;24;33;41;44;1;11
598;2013-06-14;129000000;10;25;41;47;48;6;10
597;2013-06-11;112000000;5;7;9;25;41;1;5
596;2013-06-07;100000000;7;14;26;45;50;2;7
595;2013-06-04;21000000;31;33;34;37;40;1;6
594;2013-05-31;15000000;27;28;29;34;43;5;10
593;2013-05-28;94000000;8;13;26;34;38;3;11
592;2013-05-24;85000000;7;17;22;27;40;2;3
591;2013-05-21;71000000;7;8;19;28;29;5;9
590;2013-05-17;62000000;6;20;24;25;50;9;10
589;2013-05-14;50000000;7;8;24;27;36;5;11
588;2013-05-10;42000000;1;32;35;45;48;4;11
587;2013-05-07;32000000;13;27;28;42;43;4;6
586;2013-05-03;25000000;3;5;34;40;49;2;3
585;2013-04-30;15000000;13;36;40;43;50;5;9
584;2013-04-26;32000000;11;16;24;38;40;2;5
583;2013-04-23;21000000;1;4;7;10;50;4;11
582;2013-04-19;15000000;1;8;42;46;48;4;7
581;2013-04-16;15000000;1;11;22;33;50;4;6
580;2013-04-12;26000000;5;10;15;28;45;3;9
579;2013-04-09;15000000;15;35;38;44;48;5;10
578;2013-04-05;25000000;1;11;17;32;39;2;7
577;2013-04-02;15000000;12;17;25;29;41;1;4
576;2013-03-29;130000000;13;30;43;44;46;5;9
575;2013-03-26;111000000;4;26;30;42;44;6;11
574;2013-03-22;100000000;12;27;32;34;49;8;9
573;2013-03-19;21000000;19;32;35;37;44;1;9
572;2013-03-15;15000000;4;14;21;24;39;3;10
571;2013-03-12;15000000;2;4;10;22;50;5;8
570;2013-03-08;51000000;3;20;23;28;42;8;11
569;2013-03-05;39000000;8;19;31;33;39;2;7
568;2013-03-01;32000000;1;11;29;36;42;4;5
567;2013-02-26;21000000;3;12;13;17;30;2;6
566;2013-02-22;15000000;15;16;28;36;37;2;11
565;2013-02-19;59000000;12;15;28;30;44;8;9
564;2013-02-15;52000000;2;4;22;28;42;4;9
563;2013-02-12;40000000;5;11;16;25;28;7;9
562;2013-02-08;32000000;9;11;14;34;44;10;11
561;2013-02-05;21000000;6;25;31;40;45;6;7
560;2013-02-01;15000000;5;21;34;37;38;1;6
559;2013-01-29;15000000;9;16;26;36;39;2;6
558;2013-01-25;44000000;3;10;18;31;37;2;4
557;2013-01-22;33000000;1;10;44;45;48;1;4
556;2013-01-18;26000000;4;26;27;30;39;3;10
555;2013-01-15;15000000;22;38;40;42;47;1;11
554;2013-01-11;33000000;4;22;29;37;41;4;7
553;2013-01-08;22000000;2;20;22;26;47;5;9
552;2013-01-04;15000000;4;10;22;27;41;8;10
551;2013-01-01;36000000;2;7;8;36;49;1;11
550;2012-12-28;25000000;17;24;26;27;49;3;5
549;2012-12-25;15000000;14;18;20;23;32;3;10
548;2012-12-21;100000000;3;5;22;40;42;3;10
547;2012-12-18;85000000;14;18;20;35;44;2;5
546;2012-12-14;76000000;10;11;29;40;43;3;11
545;2012-12-11;62000000;1;4;9;43;50;6;8
544;2012-12-07;54000000;10;16;18;31;42;2;5
543;2012-12-04;41000000;5;10;28;29;44;2;4
542;2012-11-30;33000000;10;18;23;24;40;3;4
541;2012-11-27;22000000;6;10;23;44;49;1;7
540;2012-11-23;15000000;1;9;11;20;40;1;5
539;2012-11-20;21000000;28;30;42;45;49;5;10
538;2012-11-16;15000000;10;15;19;23;41;2;9
537;2012-11-13;168000000;11;16;21;24;29;2;6
536;2012-11-09;152000000;14;21;22;28;47;4;5
535;2012-11-06;132000000;7;20;25;35;41;1;9
534;2012-11-02;119000000;3;6;10;11;44;3;4
533;2012-10-30;101000000;23;24;25;31;44;2;3
532;2012-10-26;90000000;5;6;9;27;38;5;11
531;2012-10-23;76000000;1;28;35;38;50;2;10
530;2012-10-19;67000000;16;29;37;40;44;8;10
529;2012-10-16;54000000;10;32;40;41;49;2;8
528;2012-10-12;46000000;6;7;17;35;43;2;8
527;2012-10-09;34000000;2;8;10;23;25;8;9
526;2012-10-05;26000000;9;16;18;19;21;2;3
525;2012-10-02;15000000;4;16;21;36;42;7;8
524;2012-09-28;100000000;20;23;26;30;33;6;9
523;2012-09-25;33000000;7;25;27;48;49;1;4
522;2012-09-21;26000000;4;19;34;41;43;7;11
521;2012-09-18;15000000;6;7;38;39;44;7;9
520;2012-09-14;26000000;3;10;23;27;44;7;9
519;2012-09-11;15000000;6;15;22;37;44;2;4
518;2012-09-07;46000000;13;15;30;35;42;4;6
517;2012-09-04;34000000;11;17;18;39;44;5;10
516;2012-08-31;27000000;16;28;31;33;48;7;11
515;2012-08-28;15000000;1;18;25;26;44;4;5
514;2012-08-24;46000000;5;6;12;19;37;3;7
513;2012-08-21;34000000;4;5;17;38;48;3;4
512;2012-08-17;26000000;19;25;28;33;44;2;8
511;2012-08-14;15000000;1;16;38;42;45;9;10
510;2012-08-10;190000000;11;17;21;48;50;9;10
509;2012-08-07;190000000;20;27;34;46;50;2;3
508;2012-08-03;176000000;24;34;35;42;46;1;5
507;2012-07-31;153000000;4;29;35;36;39;8;9
506;2012-07-27;135000000;14;15;21;23;48;2;10
505;2012-07-24;112000000;4;16;18;25;44;1;11
504;2012-07-20;101000000;10;19;23;45;49;9;10
503;2012-07-17;85000000;2;7;24;43;46;8;10
502;2012-07-13;75000000;8;18;25;35;46;4;9
501;2012-07-10;60000000;1;3;16;24;37;1;8
500;2012-07-06;52000000;31;32;38;40;42;1;3
499;2012-07-03;40000000;2;7;22;27;40;3;6
498;2012-06-29;33000000;14;17;28;29;39;1;11
497;2012-06-26;21000000;1;11;20;22;35;8;10
496;2012-06-22;15000000;14;18;19;43;49;3;7
495;2012-06-19;15000000;7;17;20;35;50;5;11
494;2012-06-15;26000000;10;22;27;38;48;3;7
493;2012-06-12;15000000;8;15;26;30;48;9;10
492;2012-06-08;156000000;5;11;22;34;40;9;11
491;2012-06-05;132000000;13;34;37;47;49;8;9
490;2012-06-01;116000000;2;4;14;26;36;9;10
489;2012-05-29;99000000;8;15;17;25;28;3;11
488;2012-05-25;87000000;12;22;35;46;49;2;8
487;2012-05-22;72000000;16;31;32;37;41;1;7
486;2012-05-18;64000000;13;29;43;47;50;9;11
485;2012-05-15;51000000;2;11;13;26;50;2;5
484;2012-05-11;44000000;1;13;17;38;44;2;11
483;2012-05-08;32000000;3;21;34;38;48;5;8
482;2012-05-04;25000000;3;26;39;40;41;1;2
481;2012-05-01;15000000;4;5;15;19;41;9;11
480;2012-04-27;44000000;20;27;30;36;43;1;6
479;2012-04-24;32000000;8;9;24;43;48;3;5
478;2012-04-20;26000000;3;6;29;32;41;10;11
477;2012-04-17;15000000;10;28;33;48;49;1;10
476;2012-04-13;53000000;8;13;26;39;43;3;5
475;2012-04-10;39000000;22;25;27;36;37;5;9
474;2012-04-06;32000000;11;20;30;35;45;2;3
473;2012-04-03;21000000;1;8;18;25;30;9;10
472;2012-03-30;15000000;4;17;23;36;46;6;10
471;2012-03-27;15000000;24;27;29;34;36;7;8
470;2012-03-23;26000000;9;15;23;31;50;8;11
469;2012-03-20;15000000;15;16;28;30;46;3;4
468;2012-03-16;45000000;3;4;12;23;50;4;7
467;2012-03-13;33000000;1;10;25;43;47;8;9
466;2012-03-09;26000000;3;32;36;39;47;6;9
465;2012-03-06;15000000;23;24;27;37;47;2;6
464;2012-03-02;26000000;5;6;11;30;44;2;6
463;2012-02-28;15000000;1;10;17;33;48;2;3
462;2012-02-24;54000000;3;7;12;26;34;8;10
461;2012-02-21;41000000;11;14;24;25;29;7;11
460;2012-02-17;34000000;4;11;28;38;47;10;11
459;2012-02-14;21000000;14;27;36;42;46;8;11
458;2012-02-10;15000000;3;8;14;31;41;7;11
457;2012-02-07;53000000;3;15;17;28;33;2;4
456;2012-02-03;45000000;16;19;20;25;28;1;10
455;2012-01-31;33000000;9;34;38;43;45;2;4
454;2012-01-27;27000000;10;13;19;39;44;2;6
453;2012-01-24;15000000;1;2;6;20;36;8;11
452;2012-01-20;48000000;2;10;22;27;28;6;8
451;2012-01-17;35000000;12;22;30;31;44;5;6
450;2012-01-13;28000000;13;14;21;27;39;6;8
449;2012-01-10;15000000;4;9;10;30;40;2;9
448;2012-01-06;73000000;1;6;10;12;31;2;7
447;2012-01-03;58000000;3;30;42;45;49;5;10
446;2011-12-30;50000000;16;36;43;44;50;7;8
445;2011-12-27;37000000;19;21;25;26;44;3;7
444;2011-12-23;29000000;7;21;22;24;28;1;11
443;2011-12-20;15000000;1;9;12;14;48;1;7
442;2011-12-16;46000000;2;5;10;23;31;2;5
441;2011-12-13;33000000;7;12;18;33;37;1;11
440;2011-12-09;26000000;12;21;29;44;47;1;2
439;2011-12-06;15000000;19;20;21;34;38;3;9
438;2011-12-02;26000000;7;27;30;40;43;8;9
437;2011-11-29;15000000;11;25;41;45;50;2;7
436;2011-11-25;35000000;14;19;26;28;34;5;8
435;2011-11-22;21000000;16;18;24;38;40;2;4
434;2011-11-18;15000000;4;12;24;39;44;2;4
433;2011-11-15;15000000;6;17;22;45;47;3;11
432;2011-11-11;66000000;1;4;18;23;30;3;7
431;2011-11-08;53000000;1;4;15;29;40;1;5
430;2011-11-04;45000000;11;14;41;43;50;2;9
429;2011-11-01;33000000;14;20;23;45;46;1;11
428;2011-10-28;26000000;16;17;20;39;50;4;8
427;2011-10-25;15000000;12;22;27;28;39;4;10
426;2011-10-21;47000000;2;19;33;37;46;5;8
425;2011-10-18;34000000;18;23;37;46;48;2;10
424;2011-10-14;27000000;12;23;29;32;47;3;5
423;2011-10-11;15000000;1;4;12;16;48;9;10
422;2011-10-07;119000000;18;26;34;38;42;5;8
421;2011-10-04;100000000;14;16;23;38;45;8;11
420;2011-09-30;48000000;5;15;28;31;44;1;6
419;2011-09-27;34000000;18;27;28;35;40;3;5
418;2011-09-23;27000000;6;14;33;34;48;2;6
417;2011-09-20;15000000;9;19;25;36;38;7;11
416;2011-09-16;15000000;2;8;17;39;42;3;10
415;2011-09-13;159000000;9;28;30;32;49;9;10
414;2011-09-09;146000000;5;21;28;31;34;1;2
413;2011-09-06;126000000;35;42;47;48;50;8;9
412;2011-09-02;114000000;12;26;37;38;44;4;7
411;2011-08-30;97000000;2;8;10;19;46;5;9
410;2011-08-26;88000000;12;22;25;33;45;5;7
409;2011-08-23;74000000;4;6;14;42;50;2;4
408;2011-08-19;65000000;6;14;16;28;31;2;11
407;2011-08-16;53000000;1;13;17;18;45;3;8
406;2011-08-12;46000000;7;10;20;27;37;4;7
405;2011-08-09;34000000;7;23;24;34;36;8;11
404;2011-08-05;26000000;13;14;18;32;34;1;10
403;2011-08-02;15000000;5;8;14;24;33;3;8
402;2011-07-29;27000000;12;19;27;37;38;5;10
401;2011-07-26;15000000;1;5;22;25;48;3;11
400;2011-07-22;15000000;4;15;23;49;50;2;6
399;2011-07-19;21000000;3;16;25;26;35;5;9
398;2011-07-15;15000000;6;26;33;34;39;3;4
397;2011-07-12;185000000;17;19;38;42;45;9;10
396;2011-07-08;185000000;12;13;23;40;49;7;10
395;2011-07-05;171000000;11;28;29;47;49;1;5
394;2011-07-01;152000000;8;11;23;31;46;8;9
393;2011-06-28;132000000;15;16;30;44;50;2;3
392;2011-06-24;119000000;5;16;20;30;41;6;11
391;2011-06-21;101000000;17;20;35;49;50;3;4
390;2011-06-17;91000000;11;16;21;22;44;3;8
389;2011-06-14;76000000;5;12;19;41;48;8;10
388;2011-06-10;68000000;3;19;20;37;48;8;11
387;2011-06-07;54000000;6;25;36;38;40;4;10
386;2011-06-03;46000000;4;39;40;49;50;2;5
385;2011-05-31;33000000;1;9;10;22;50;5;11
384;2011-05-27;26000000;9;17;25;28;49;8;9
383;2011-05-24;15000000;16;23;24;26;29;2;9
382;2011-05-20;25000000;10;14;20;25;42;8;11
381;2011-05-17;15000000;20;21;37;45;46;2;3
380;2011-05-13;123000000;9;11;17;36;47;1;2
379;2011-05-10;100000000;3;10;15;28;45;5;7
378;2011-05-06;28000000;11;16;20;22;28;4;9
377;2011-04-29;15000000;15;25;38;40;41;1;2
376;2011-04-22;44000000;11;22;36;45;48;1;4
375;2011-04-15;29000000;4;6;21;39;41;2;6
374;2011-04-08;15000000;21;23;38;47;50;2;6
373;2011-04-01;15000000;4;17;21;22;33;4;8
372;2011-03-25;133000000;6;12;21;27;33;3;7
371;2011-03-18;105000000;1;13;20;26;50;6;7
370;2011-03-11;80000000;17;19;24;37;46;2;7
369;2011-03-04;59000000;11;25;27;28;41;5;8
368;2011-02-25;43000000;12;13;42;45;48;3;9
367;2011-02-18;28000000;2;3;15;45;49;5;9
366;2011-02-11;15000000;12;14;15;19;23;7;8
365;2011-02-04;28000000;2;11;24;35;47;5;9
364;2011-01-28;15000000;13;23;24;41;42;1;5
363;2011-01-21;29000000;3;11;13;18;21;4;5
362;2011-01-14;15000000;2;14;24;39;44;6;7
361;2011-01-07;15000000;1;22;32;48;50;6;7
360;2010-12-31;15000000;2;24;34;38;43;1;7
359;2010-12-24;15000000;19;36;38;42;46;2;8
358;2010-12-17;43000000;3;20;29;35;42;3;8
357;2010-12-10;28000000;2;3;10;33;46;7;8
356;2010-12-03;15000000;8;19;28;32;46;4;7
355;2010-11-26;44000000;9;28;36;41;49;5;7
354;2010-11-19;29000000;12;15;32;36;45;7;9
353;2010-11-12;15000000;7;19;23;29;47;1;6
352;2010-11-05;28000000;21;23;33;40;50;4;5
351;2010-10-29;15000000;16;20;22;32;42;8;9
350;2010-10-22;28000000;4;5;9;11;39;3;5
349;2010-10-15;15000000;2;31;36;38;43;3;7
348;2010-10-08;129000000;9;30;35;39;46;6;8
347;2010-10-01;100000000;1;4;6;27;48;1;6
346;2010-09-24;28000000;1;4;16;40;48;1;9
345;2010-09-17;15000000;17;27;29;38;50;1;3
344;2010-09-10;15000000;17;21;35;41;45;1;5
343;2010-09-03;15000000;13;24;26;47;49;4;8
342;2010-08-27;15000000;1;6;13;30;49;1;9
341;2010-08-20;15000000;5;27;31;40;42;1;6
340;2010-08-13;15000000;4;9;15;21;47;2;7
339;2010-08-06;15000000;13;25;28;29;42;4;5
338;2010-07-30;28000000;3;4;11;28;39;2;8
337;2010-07-23;15000000;4;13;35;37;46;3;9
336;2010-07-16;41000000;38;39;45;46;49;7;8
335;2010-07-09;28000000;9;24;37;39;49;3;9
334;2010-07-02;15000000;12;13;36;41;46;1;8
333;2010-06-25;28000000;1;8;18;28;31;8;9
332;2010-06-18;15000000;2;29;31;32;38;1;4
331;2010-06-11;15000000;2;22;24;36;44;1;2
330;2010-06-04;15000000;4;17;34;40;42;4;9
329;2010-05-28;15000000;4;9;31;32;33;3;7
328;2010-05-21;15000000;7;19;30;38;50;4;7
327;2010-05-14;99000000;1;17;31;43;47;2;3
326;2010-05-07;77000000;3;6;15;21;32;7;9
325;2010-04-30;59000000;6;22;24;25;36;3;8
324;2010-04-23;44000000;3;7;8;43;46;6;8
323;2010-04-16;29000000;9;11;17;26;40;3;9
322;2010-04-09;15000000;7;21;23;24;44;3;4
321;2010-04-02;15000000;12;18;24;26;45;4;5
320;2010-03-26;44000000;8;16;18;37;43;2;6
319;2010-03-19;29000000;10;28;30;38;39;2;7
318;2010-03-12;15000000;1;26;33;36;46;6;7
317;2010-03-05;44000000;12;18;19;43;49;3;9
316;2010-02-26;29000000;7;11;18;29;42;6;7
315;2010-02-19;15000000;12;31;37;38;43;2;3
314;2010-02-12;129000000;1;5;18;38;45;4;6
313;2010-02-05;100000000;34;35;38;39;46;3;4
312;2010-01-29;28000000;9;17;30;39;43;5;7
311;2010-01-22;15000000;4;22;27;36;44;7;9
310;2010-01-15;58000000;11;26;29;49;50;4;7
309;2010-01-08;41000000;4;5;14;44;46;8;9
308;2010-01-01;27000000;9;22;24;27;36;5;7
307;2009-12-25;15000000;4;5;14;17;34;3;5
306;2009-12-18;59000000;14;30;32;35;49;3;8
305;2009-12-11;43000000;20;41;43;44;46;2;9
304;2009-12-04;29000000;18;19;25;30;44;1;3
303;2009-11-27;15000000;5;8;13;15;33;8;9
302;2009-11-20;15000000;5;9;28;43;47;2;9
301;2009-11-13;15000000;13;15;25;26;32;3;4
300;2009-11-06;100000000;11;19;34;43;45;5;9
299;2009-10-30;77000000;9;33;35;38;40;2;6
298;2009-10-23;59000000;6;18;20;29;31;2;8
297;2009-10-16;43000000;12;23;30;31;47;3;4
296;2009-10-09;28000000;7;11;29;46;50;4;7
295;2009-10-02;15000000;22;23;24;29;44;1;5
294;2009-09-25;15000000;6;17;18;21;34;3;9
293;2009-09-18;100000000;6;16;30;38;41;2;4
292;2009-09-11;42000000;12;15;35;42;43;4;6
291;2009-09-04;28000000;6;9;20;38;39;3;9
290;2009-08-28;15000000;8;36;37;41;49;5;7
289;2009-08-21;74000000;4;7;16;31;42;3;5
288;2009-08-14;57000000;5;8;24;30;49;3;9
287;2009-08-07;42000000;10;20;22;24;31;2;7
286;2009-07-31;28000000;5;9;20;21;26;3;6
285;2009-07-24;15000000;14;15;25;35;47;5;9
284;2009-07-17;57000000;2;8;17;32;50;3;7
283;2009-07-10;42000000;6;16;20;42;46;1;6
282;2009-07-03;28000000;21;29;34;46;47;6;8
281;2009-06-26;15000000;6;11;21;30;39;2;8
280;2009-06-19;15000000;4;16;17;20;29;5;7
279;2009-06-12;58000000;6;14;16;34;50;4;6
278;2009-06-05;43000000;11;19;26;35;40;2;5
277;2009-05-29;28000000;2;5;30;37;47;3;6
276;2009-05-22;15000000;4;13;14;33;43;1;6
275;2009-05-15;15000000;8;18;19;20;42;5;9
274;2009-05-08;123000000;4;23;24;29;31;8;9
273;2009-05-01;98000000;5;19;31;38;47;3;5
272;2009-04-24;75000000;4;14;21;24;41;5;8
271;2009-04-17;58000000;4;7;21;44;47;1;5
270;2009-04-10;41000000;9;14;16;37;46;2;4
269;2009-04-03;28000000;2;20;24;32;46;1;9
268;2009-03-27;15000000;25;33;36;38;42;6;7
267;2009-03-20;29000000;12;16;23;31;35;4;6
266;2009-03-13;15000000;12;24;26;36;42;1;4
265;2009-03-06;100000000;13;17;19;25;35;5;6
264;2009-02-27;42000000;5;9;37;44;45;6;9
263;2009-02-20;28000000;9;12;13;14;48;1;2
262;2009-02-13;15000000;22;33;36;40;42;1;2
261;2009-02-06;15000000;10;20;30;36;40;3;5
260;2009-01-30;28000000;4;29;34;35;46;5;8
259;2009-01-23;15000000;32;33;36;40;49;2;8
258;2009-01-16;15000000;3;17;22;49;50;3;6
257;2009-01-09;53000000;7;15;22;28;48;1;4
256;2009-01-02;37000000;29;30;36;37;48;1;6
255;2008-12-26;26000000;1;2;26;44;50;1;7
254;2008-12-19;15000000;28;29;40;46;50;5;7
253;2008-12-12;15000000;2;19;28;42;49;2;7
252;2008-12-05;15000000;4;8;21;35;45;5;8
251;2008-11-28;27000000;8;11;16;25;41;2;4
250;2008-11-21;15000000;9;14;21;49;50;3;8
249;2008-11-14;15000000;8;10;14;21;26;3;4
248;2008-11-07;15000000;1;9;12;17;18;3;4
247;2008-10-31;42000000;3;18;25;34;41;2;5
246;2008-10-24;28000000;7;15;16;17;45;6;9
245;2008-10-17;15000000;3;10;12;42;50;1;5
244;2008-10-10;29000000;4;15;22;31;41;1;6
243;2008-10-03;15000000;4;13;19;23;38;2;3
242;2008-09-26;130000000;14;29;31;33;37;1;2
241;2008-09-19;15000000;14;16;19;20;31;6;9
240;2008-09-12;15000000;19;23;33;37;50;3;7
239;2008-09-05;114000000;7;12;16;17;39;3;8
238;2008-08-29;88000000;2;20;25;37;39;5;8
237;2008-08-22;69000000;7;27;29;39;50;5;7
236;2008-08-15;54000000;11;17;18;26;31;5;6
235;2008-08-08;39000000;4;5;15;16;45;4;7
234;2008-08-01;26000000;1;22;25;40;50;1;8
233;2008-07-25;15000000;7;11;15;24;29;2;7
232;2008-07-18;15000000;10;14;16;29;44;5;6
231;2008-07-11;15000000;9;11;13;19;37;3;4
230;2008-07-04;15000000;7;19;22;27;48;5;7
229;2008-06-27;59000000;5;20;26;44;50;5;7
228;2008-06-20;43000000;8;11;36;37;45;3;5
227;2008-06-13;28000000;13;16;37;44;50;1;9
226;2008-06-06;15000000;7;19;21;40;50;2;9
225;2008-05-30;15000000;5;7;14;20;49;2;8
224;2008-05-23;15000000;5;9;19;21;38;1;7
223;2008-05-16;55000000;6;9;15;25;38;4;9
222;2008-05-09;40000000;8;9;40;42;45;6;7
221;2008-05-02;27000000;2;26;37;45;48;4;8
220;2008-04-25;15000000;4;19;26;27;30;3;8
219;2008-04-18;57000000;3;6;7;27;50;5;9
218;2008-04-11;42000000;6;25;30;45;50;5;7
217;2008-04-04;27000000;11;13;18;37;47;1;6
216;2008-03-28;15000000;5;9;17;29;39;3;6
215;2008-03-21;15000000;2;10;18;22;36;4;6
214;2008-03-14;28000000;13;21;25;35;48;4;8
213;2008-03-07;15000000;2;7;14;17;35;1;6
212;2008-02-29;15000000;12;37;40;47;49;2;9
211;2008-02-22;28000000;4;27;32;46;50;8;9
210;2008-02-15;15000000;12;27;29;45;46;4;7
209;2008-02-08;130000000;17;28;30;38;44;1;4
208;2008-02-01;15000000;22;30;45;47;49;4;9
207;2008-01-25;73000000;2;6;9;19;45;7;8
206;2008-01-18;55000000;14;16;23;40;46;4;8
205;2008-01-11;39000000;8;24;36;49;50;4;8
204;2008-01-04;26000000;10;12;24;25;41;3;5
203;2007-12-28;15000000;20;21;22;31;45;7;9
202;2007-12-21;27000000;7;9;28;37;44;6;7
201;2007-12-14;15000000;8;25;30;36;44;3;4
200;2007-12-07;27000000;2;4;32;43;48;1;7
199;2007-11-30;15000000;12;19;20;30;38;7;9
198;2007-11-23;27000000;2;10;22;29;48;3;9
197;2007-11-16;15000000;9;18;23;33;37;1;8
196;2007-11-09;15000000;5;14;22;25;36;5;6
195;2007-11-02;40000000;3;16;18;19;40;1;2
194;2007-10-26;27000000;7;20;38;40;43;1;8
193;2007-10-19;15000000;7;18;34;35;40;7;8
192;2007-10-12;15000000;21;32;36;46;47;3;4
191;2007-10-05;15000000;11;20;27;35;44;2;5
190;2007-09-28;130000000;22;30;34;35;44;4;5
189;2007-09-21;27000000;1;17;32;35;37;1;8
188;2007-09-14;15000000;5;9;11;29;33;7;9
187;2007-09-07;15000000;2;3;33;34;42;3;5
186;2007-08-31;39000000;6;18;22;23;37;5;6
185;2007-08-24;26000000;1;3;16;42;48;2;3
184;2007-08-17;15000000;2;3;13;38;42;7;8
183;2007-08-10;52000000;23;40;42;43;49;2;6
182;2007-08-03;38000000;10;30;33;37;41;1;8
181;2007-07-27;26000000;1;4;21;29;41;7;8
180;2007-07-20;15000000;10;21;25;26;50;4;9
179;2007-07-13;54000000;9;13;15;31;48;3;6
178;2007-07-06;39000000;4;5;19;39;41;8;9
177;2007-06-29;26000000;8;12;28;33;45;1;3
176;2007-06-22;15000000;11;16;17;22;34;5;6
175;2007-06-15;27000000;5;7;14;21;40;3;8
174;2007-06-08;15000000;1;15;17;25;45;2;8
173;2007-06-01;15000000;6;22;37;41;42;6;9
172;2007-05-25;15000000;25;26;29;49;50;7;8
171;2007-05-18;15000000;26;34;37;39;49;2;6
170;2007-05-11;52000000;7;12;26;29;49;2;6
169;2007-05-04;39000000;6;17;35;41;45;1;5
168;2007-04-27;27000000;7;18;27;36;44;1;2
167;2007-04-20;15000000;23;26;32;41;45;3;7
166;2007-04-13;15000000;7;20;25;38;41;3;7
165;2007-04-06;27000000;15;23;29;41;48;3;6
164;2007-03-30;15000000;9;17;19;41;46;1;8
163;2007-03-23;41000000;5;13;17;40;43;1;3
162;2007-03-16;27000000;4;14;31;45;49;4;9
161;2007-03-09;15000000;2;3;25;43;48;6;9
160;2007-03-02;41000000;3;16;34;38;48;5;8
159;2007-02-23;27000000;2;15;18;20;22;2;5
158;2007-02-16;15000000;8;19;20;39;50;6;9
157;2007-02-09;100000000;14;16;30;36;46;2;8
156;2007-02-02;26000000;14;23;27;30;36;1;6
155;2007-01-26;15000000;11;15;23;30;38;4;9
154;2007-01-19;15000000;5;13;27;33;42;2;4
153;2007-01-12;15000000;8;11;14;19;25;3;5
152;2007-01-05;78000000;17;19;29;36;45;5;6
151;2006-12-29;67000000;6;9;13;14;35;3;4
150;2006-12-22;52000000;9;11;20;38;43;2;3
149;2006-12-15;39000000;9;23;35;37;42;3;7
148;2006-12-08;27000000;16;17;18;36;47;1;2
147;2006-12-01;15000000;4;8;16;37;41;2;5
146;2006-11-24;15000000;5;8;17;25;40;1;5
145;2006-11-17;180000000;12;22;32;33;36;2;6
144;2006-11-10;152000000;14;21;27;30;36;2;3
143;2006-11-03;131000000;11;13;24;44;49;3;9
142;2006-10-27;113000000;3;4;8;44;50;7;8
141;2006-10-20;95000000;10;19;34;45;47;3;6
140;2006-10-13;80000000;2;25;32;38;41;3;5
139;2006-10-06;68000000;5;11;22;35;38;7;8
138;2006-09-29;58000000;1;3;6;18;24;5;8
137;2006-09-22;47000000;10;29;30;45;49;3;8
136;2006-09-15;35000000;6;10;16;26;49;7;9
135;2006-09-08;25000000;1;10;12;32;33;1;8
134;2006-09-01;15000000;3;7;25;45;50;6;9
133;2006-08-25;56000000;10;28;40;47;48;6;8
132;2006-08-18;45000000;12;37;39;40;50;1;2
131;2006-08-11;35000000;27;28;31;46;47;2;5
130;2006-08-04;24000000;1;14;15;26;32;3;7
129;2006-07-28;15000000;3;8;12;29;43;6;7
128;2006-07-21;25000000;2;4;9;38;50;6;8
127;2006-07-14;15000000;1;7;17;31;36;2;8
126;2006-07-07;67000000;7;9;18;35;43;5;7
125;2006-06-30;58000000;6;15;16;40;43;1;2
124;2006-06-23;46000000;9;21;30;43;44;1;9
123;2006-06-16;36000000;1;16;26;30;36;3;9
122;2006-06-09;25000000;3;12;15;34;39;4;6
121;2006-06-02;15000000;7;8;27;41;48;1;6
120;2006-05-26;15000000;2;12;21;41;49;3;7
119;2006-05-19;15000000;3;5;25;34;49;5;8
118;2006-05-12;25000000;5;20;23;34;50;1;5
117;2006-05-05;15000000;4;8;14;16;50;3;9
116;2006-04-28;25000000;5;10;17;22;33;5;7
115;2006-04-21;15000000;1;20;22;37;46;1;9
114;2006-04-14;26000000;16;26;34;35;49;2;6
113;2006-04-07;15000000;12;13;29;44;50;4;5
112;2006-03-31;75000000;3;20;31;45;50;6;7
111;2006-03-24;64000000;17;28;33;35;47;4;9
110;2006-03-17;51000000;5;32;44;45;50;1;7
109;2006-03-10;38000000;1;21;33;45;49;4;8
108;2006-03-03;26000000;3;5;8;10;44;3;5
107;2006-02-24;15000000;1;11;18;19;47;3;7
106;2006-02-17;27000000;4;23;24;26;38;2;4
105;2006-02-10;15000000;5;6;38;48;50;6;7
104;2006-02-03;183000000;9;21;30;39;50;1;3
103;2006-01-27;146000000;9;15;21;40;49;1;4
102;2006-01-20;125000000;12;15;33;44;50;2;6
101;2006-01-13;103000000;8;12;19;33;34;1;6
100;2006-01-06;88000000;2;6;9;14;26;4;5
99;2005-12-30;75000000;8;16;19;43;45;1;4
98;2005-12-23;64000000;15;31;36;37;42;1;7
97;2005-12-16;55000000;2;3;15;18;32;6;7
96;2005-12-09;44000000;11;18;35;38;42;1;5
95;2005-12-02;34000000;1;9;20;23;30;4;7
94;2005-11-25;24000000;1;6;27;39;47;1;6
93;2005-11-18;15000000;17;18;25;34;48;2;3
92;2005-11-11;44000000;15;16;36;41;42;3;5
91;2005-11-04;34000000;26;36;37;38;42;2;6
90;2005-10-28;24000000;14;36;44;47;50;3;5
89;2005-10-21;15000000;1;14;19;29;33;1;8
88;2005-10-14;15000000;10;11;19;20;23;1;6
87;2005-10-07;15000000;2;13;21;26;44;3;9
86;2005-09-30;24000000;6;11;47;48;50;1;6
85;2005-09-23;15000000;1;26;31;34;47;4;9
84;2005-09-16;76000000;12;13;19;21;38;3;9
83;2005-09-09;66000000;8;12;19;31;50;6;7
82;2005-09-02;57000000;3;4;14;43;50;3;6
81;2005-08-26;45000000;9;29;35;40;41;1;6
80;2005-08-19;35000000;11;24;29;31;41;1;3
79;2005-08-12;24000000;15;23;30;37;40;7;9
78;2005-08-05;15000000;2;11;21;22;30;4;6
77;2005-07-29;113000000;3;19;26;49;50;4;5
76;2005-07-22;96000000;3;14;41;48;49;1;4
75;2005-07-15;81000000;1;11;12;23;42;3;6
74;2005-07-08;69000000;35;36;42;46;49;2;8
73;2005-07-01;60000000;4;5;23;25;28;3;4
72;2005-06-24;52000000;6;8;14;15;45;7;8
71;2005-06-17;42000000;4;8;10;18;21;1;7
70;2005-06-10;32000000;6;7;32;37;47;1;7
69;2005-06-03;23000000;3;8;11;17;50;1;5
68;2005-05-27;15000000;2;24;31;48;50;4;9
67;2005-05-20;42000000;6;7;13;28;47;5;8
66;2005-05-13;32000000;12;17;31;32;40;2;9
65;2005-05-06;23000000;7;12;21;26;44;6;8
64;2005-04-29;15000000;3;9;35;39;42;1;8
63;2005-04-22;23000000;3;10;13;24;47;5;9
62;2005-04-15;15000000;6;28;31;38;42;3;9
61;2005-04-08;62000000;7;11;25;31;50;1;3
60;2005-04-01;51000000;25;26;41;44;47;3;7
59;2005-03-25;44000000;4;29;33;37;38;6;9
58;2005-03-18;35000000;6;23;39;43;48;5;7
57;2005-03-11;26000000;8;12;23;40;43;1;4
56;2005-03-04;17000000;12;24;32;37;39;7;9
55;2005-02-25;10000000;3;27;30;43;44;4;8
54;2005-02-18;10000000;20;21;26;32;46;8;9
53;2005-02-11;33000000;11;13;25;32;50;4;7
52;2005-02-04;25000000;1;8;11;30;40;7;8
51;2005-01-28;17000000;7;21;26;43;45;5;7
50;2005-01-21;10000000;10;12;14;24;26;5;8
49;2005-01-14;25000000;6;11;14;19;29;1;3
48;2005-01-07;17000000;3;23;27;47;50;2;3
47;2004-12-31;10000000;7;8;24;25;47;8;9
46;2004-12-24;10000000;3;4;27;29;37;5;6
45;2004-12-17;26000000;15;19;22;46;49;2;9
44;2004-12-10;17000000;1;3;13;16;43;2;7
43;2004-12-03;10000000;1;11;15;42;49;3;4
42;2004-11-26;41000000;1;4;24;34;36;6;8
41;2004-11-19;32000000;1;18;29;34;37;2;6
40;2004-11-12;24000000;4;11;12;13;32;3;9
39;2004-11-05;17000000;6;19;25;42;49;1;7
38;2004-10-29;10000000;1;8;32;35;38;4;9
37;2004-10-22;24000000;1;9;23;25;40;3;9
36;2004-10-15;17000000;14;21;22;37;43;5;8
35;2004-10-08;10000000;1;10;12;16;48;2;6
34;2004-10-01;29000000;12;20;21;45;48;5;6
33;2004-09-24;25000000;21;26;27;44;48;1;7
32;2004-09-17;22000000;15;18;29;39;41;5;8
31;2004-09-10;19000000;5;25;33;36;38;2;5
30;2004-09-03;17000000;8;12;14;15;34;6;7
29;2004-08-27;14000000;1;11;22;28;44;1;9
28;2004-08-20;12000000;6;9;10;27;35;6;8
27;2004-08-13;10000000;20;27;41;43;50;5;8
26;2004-08-06;24000000;5;15;24;35;44;5;6
25;2004-07-30;22000000;9;10;19;37;50;1;6
24;2004-07-23;19000000;7;10;27;31;34;3;8
23;2004-07-16;17000000;24;26;31;38;50;5;8
22;2004-07-09;14000000;2;5;12;19;44;8;9
21;2004-07-02;12000000;4;23;24;28;34;1;3
20;2004-06-25;10000000;3;21;30;34;35;1;2
19;2004-06-18;12000000;2;23;28;40;43;2;6
18;2004-06-11;10000000;2;7;8;10;47;1;7
17;2004-06-04;12000000;9;13;34;41;42;3;7
16;2004-05-28;10000000;6;11;35;41;44;5;6
15;2004-05-21;10000000;15;29;37;39;49;4;9
14;2004-05-14;30000000;1;3;21;32;39;2;6
13;2004-05-07;25000000;15;16;21;36;38;1;5
12;2004-04-30;20000000;5;6;16;23;27;6;7
11;2004-04-23;17000000;6;10;21;45;49;3;5
10;2004-04-16;15000000;14;15;28;35;40;1;3
9;2004-04-09;25000000;1;4;10;19;23;2;8
8;2004-04-02;22000000;4;12;24;27;36;2;9
7;2004-03-26;20000000;3;4;10;23;43;2;4
6;2004-03-19;17000000;33;36;37;42;45;4;9
5;2004-03-12;15000000;15;24;28;44;47;4;5
4;2004-03-05;20000000;4;7;33;37;39;1;5
3;2004-02-27;17000000;14;18;19;31;37;4;5
2;2004-02-20;15000000;7;13;39;47;50;2;5
1;2004-02-13;15000000;16;29;32;36;41;7;9